Institute Name,Program Name,Seat Capacity,Female Supernumerary,Total
Indian Institute of Technology Bhubaneswar,"Civil Engineering (4 Years, Bachelor of Technology)",105,0,105
Indian Institute of Technology Bhubaneswar,"Computer Science and Engineering (4 Years, Bachelor of Technology)",82,0,82
Indian Institute of Technology Bhubaneswar,"Electrical Engineering (4 Years, Bachelor of Technology)",75,0,75
Indian Institute of Technology Bhubaneswar,"Electronics and Communication Engineering (4 Years, Bachelor of Technology)",54,0,54
Indian Institute of Technology Bhubaneswar,"Engineering Physics (4 Years, Bachelor of Technology)",20,0,20
Indian Institute of Technology Bhubaneswar,"Mathematics and Computing (4 Years, Bachelor of Technology)",20,0,20
Indian Institute of Technology Bhubaneswar,"Mechanical Engineering (4 Years, Bachelor of Technology)",105,0,105
Indian Institute of Technology Bhubaneswar,"Metallurgical and Materials Engineering (4 Years, Bachelor of Technology)",35,0,35
Indian Institute of Technology Bombay,"Aerospace Engineering (4 Years, Bachelor of Technology)",66,6,72
Indian Institute of Technology Bombay,"Chemical Engineering (4 Years, Bachelor of Technology)",113,11,124
Indian Institute of Technology Bombay,"Civil Engineering (4 Years, Bachelor of Technology)",130,16,146
Indian Institute of Technology Bombay,"Environmental Science and Engineering (4 Years, Bachelor of Technology)",37,9,46
Indian Institute of Technology Bombay,"Computer Science and Engineering (4 Years, Bachelor of Technology)",170,28,198
Indian Institute of Technology Bombay,"Electrical Engineering (4 Years, Bachelor of Technology)",90,22,112
Indian Institute of Technology Bombay,"Engineering Physics (4 Years, Bachelor of Technology)",52,6,58
Indian Institute of Technology Bombay,"Mechanical Engineering (4 Years, Bachelor of Technology)",169,33,202
Indian Institute of Technology Bombay,"Metallurgical Engineering and Materials Science (4 Years, Bachelor of Technology)",102,3,105
Indian Institute of Technology Bombay,"Industrial Engineering and Operations Research (4 Years, Bachelor of Technology)",36,4,40
Indian Institute of Technology Bombay,"Energy Engineering (4 Years, Bachelor of Technology)",41,6,47
Indian Institute of Technology Bombay,"Chemistry (4 Years, Bachelor of Science)",35,0,35
Indian Institute of Technology Bombay,"Economics (4 Years, Bachelor of Science)",40,0,40
Indian Institute of Technology Bombay,"BS in Mathematics (4 Years, Bachelor of Science)",18,0,18
Indian Institute of Technology Bombay,"Applied Geophysics (4 Years, Bachelor of Science)",25,3,28
Indian Institute of Technology Bombay,"Electrical Engineering (5 Years, Bachelor and Master of Technology (Dual Degree))",80,9,89
Indian Institute of Technology Mandi,"Civil Engineering (4 Years, Bachelor of Technology)",46,4,50
Indian Institute of Technology Mandi,"B.Tech in General Engineering (4 Years, Bachelor of Technology)",30,0,30
Indian Institute of Technology Mandi,"Computer Science and Engineering (4 Years, Bachelor of Technology)",74,6,80
Indian Institute of Technology Mandi,"Electrical Engineering (4 Years, Bachelor of Technology)",67,3,70
Indian Institute of Technology Mandi,"Engineering Physics (4 Years, Bachelor of Technology)",30,0,30
Indian Institute of Technology Mandi,"B.Tech in Materials Science and Engineering (4 Years, Bachelor of Technology)",30,0,30
Indian Institute of Technology Mandi,"B.Tech in Microelectronics & VLSI (4 Years, Bachelor of Technology)",30,0,30
Indian Institute of Technology Mandi,"B.Tech in Mathematics and Computing (4 Years, Bachelor of Technology)",30,0,30
Indian Institute of Technology Mandi,"Mechanical Engineering (4 Years, Bachelor of Technology)",54,6,60
Indian Institute of Technology Mandi,"Bio Engineering (4 Years, Bachelor of Technology)",30,0,30
Indian Institute of Technology Mandi,"Data Science and Artificial Intelligence (4 Years, Bachelor of Technology)",50,0,50
Indian Institute of Technology Mandi,"BS in Chemical Sciences (4 Years, Bachelor of Science)",30,0,30
Indian Institute of Technology Delhi,"Biotechnology and Biochemical Engineering (4 Years, Bachelor of Technology)",60,0,60
Indian Institute of Technology Delhi,"Chemical Engineering (4 Years, Bachelor of Technology)",75,0,75
Indian Institute of Technology Delhi,"Civil Engineering (4 Years, Bachelor of Technology)",110,0,110
Indian Institute of Technology Delhi,"Computer Science and Engineering (4 Years, Bachelor of Technology)",99,0,99
Indian Institute of Technology Delhi,"Electrical Engineering (4 Years, Bachelor of Technology)",110,0,110
Indian Institute of Technology Delhi,"Electrical Engineering (Power and Automation) (4 Years, Bachelor of Technology)",54,0,54
Indian Institute of Technology Delhi,"Engineering Physics (4 Years, Bachelor of Technology)",63,0,63
Indian Institute of Technology Delhi,"Abu Dhabi Campus - Energy Engineering (4 Years, Bachelor of Technology)",10,0,10
Indian Institute of Technology Delhi,"Mathematics and Computing (4 Years, Bachelor of Technology)",89,0,89
Indian Institute of Technology Delhi,"Mechanical Engineering (4 Years, Bachelor of Technology)",85,0,85
Indian Institute of Technology Delhi,"Design (4 Years, Bachelor of Technology)",20,0,20
Indian Institute of Technology Delhi,"Abu Dhabi Campus - Computer Science and Engineering (4 Years, Bachelor of Technology)",10,0,10
Indian Institute of Technology Delhi,"Production and Industrial Engineering (4 Years, Bachelor of Technology)",83,0,83
Indian Institute of Technology Delhi,"Textile Technology (4 Years, Bachelor of Technology)",85,0,85
Indian Institute of Technology Delhi,"Abu Dhabi Campus - Chemical Engineering (4 Years, Bachelor of Technology)",10,0,10
Indian Institute of Technology Delhi,"Engineering and Computational Mechanics (4 Years, Bachelor of Technology)",40,0,40
Indian Institute of Technology Delhi,"Materials Engineering (4 Years, Bachelor of Technology)",40,0,40
Indian Institute of Technology Delhi,"Energy Engineering (4 Years, Bachelor of Technology)",40,0,40
Indian Institute of Technology Delhi,"Chemistry (4 Years, Bachelor of Science)",40,0,40
Indian Institute of Technology Delhi,"Chemical Engineering (5 Years, Bachelor and Master of Technology (Dual Degree))",46,0,46
Indian Institute of Technology Delhi,"Computer Science and Engineering (5 Years, Bachelor and Master of Technology (Dual Degree))",37,0,37
Indian Institute of Technology Delhi,"Mathematics and Computing (5 Years, Bachelor and Master of Technology (Dual Degree))",33,0,33
Indian Institute of Technology Indore,"Chemical Engineering (4 Years, Bachelor of Technology)",40,0,40
Indian Institute of Technology Indore,"Civil Engineering (4 Years, Bachelor of Technology)",50,3,53
Indian Institute of Technology Indore,"Computer Science and Engineering (4 Years, Bachelor of Technology)",75,7,82
Indian Institute of Technology Indore,"Electrical Engineering (4 Years, Bachelor of Technology)",75,10,85
Indian Institute of Technology Indore,"Engineering Physics (4 Years, Bachelor of Technology)",20,0,20
Indian Institute of Technology Indore,"Mathematics and Computing (4 Years, Bachelor of Technology)",40,0,40
Indian Institute of Technology Indore,"Mechanical Engineering (4 Years, Bachelor of Technology)",75,12,87
Indian Institute of Technology Indore,"Metallurgical Engineering and Materials Science (4 Years, Bachelor of Technology)",50,3,53
Indian Institute of Technology Indore,"Space Science and Engineering (4 Years, Bachelor of Technology)",20,0,20
Indian Institute of Technology Kharagpur,"Aerospace Engineering (4 Years, Bachelor of Technology)",65,5,70
Indian Institute of Technology Kharagpur,"Agricultural and Food Engineering (4 Years, Bachelor of Technology)",88,5,93
Indian Institute of Technology Kharagpur,"Biotechnology and Biochemical Engineering (4 Years, Bachelor of Technology)",66,4,70
Indian Institute of Technology Kharagpur,"Chemical Engineering (4 Years, Bachelor of Technology)",100,15,115
Indian Institute of Technology Kharagpur,"Civil Engineering (4 Years, Bachelor of Technology)",104,15,119
Indian Institute of Technology Kharagpur,"Computer Science and Engineering (4 Years, Bachelor of Technology)",118,22,140
Indian Institute of Technology Kharagpur,"Electrical Engineering (4 Years, Bachelor of Technology)",96,17,113
Indian Institute of Technology Kharagpur,"Electronics and Electrical Communication Engineering (4 Years, Bachelor of Technology)",127,23,150
Indian Institute of Technology Kharagpur,"Instrumentation Engineering (4 Years, Bachelor of Technology)",41,3,44
Indian Institute of Technology Kharagpur,"Manufacturing Science and Engineering (4 Years, Bachelor of Technology)",55,11,66
Indian Institute of Technology Kharagpur,"Mechanical Engineering (4 Years, Bachelor of Technology)",144,28,172
Indian Institute of Technology Kharagpur,"Metallurgical and Materials Engineering (4 Years, Bachelor of Technology)",80,13,93
Indian Institute of Technology Kharagpur,"Mining Engineering (4 Years, Bachelor of Technology)",95,18,113
Indian Institute of Technology Kharagpur,"Ocean Engineering and Naval Architecture (4 Years, Bachelor of Technology)",71,9,80
Indian Institute of Technology Kharagpur,"Industrial and Systems Engineering (4 Years, Bachelor of Technology)",63,9,72
Indian Institute of Technology Kharagpur,"Artificial Intelligence (4 Years, Bachelor of Technology)",50,0,50
Indian Institute of Technology Kharagpur,"Chemistry (4 Years, Bachelor of Science)",45,0,45
Indian Institute of Technology Kharagpur,"Economics (4 Years, Bachelor of Science)",59,0,59
Indian Institute of Technology Kharagpur,"Physics (4 Years, Bachelor of Science)",49,0,49
Indian Institute of Technology Kharagpur,"Mathematics and Computing (4 Years, Bachelor of Science)",69,0,69
Indian Institute of Technology Kharagpur,"Applied Geology (4 Years, Bachelor of Science)",52,0,52
Indian Institute of Technology Kharagpur,"Exploration Geophysics (4 Years, Bachelor of Science)",45,0,45
Indian Institute of Technology Kharagpur,"Architecture (5 Years, Bachelor of Architecture)",37,3,40
Indian Institute of Technology Hyderabad,"Chemical Engineering (4 Years, Bachelor of Technology)",37,8,45
Indian Institute of Technology Hyderabad,"Civil Engineering (4 Years, Bachelor of Technology)",49,11,60
Indian Institute of Technology Hyderabad,"Computational Engineering (4 Years, Bachelor of Technology)",27,3,30
Indian Institute of Technology Hyderabad,"Industrial Chemistry (4 Years, Bachelor of Technology)",27,3,30
Indian Institute of Technology Hyderabad,"Electrical Engineering (IC Design and Technology) (4 Years, Bachelor of Technology)",26,4,30
Indian Institute of Technology Hyderabad,"Computer Science and Engineering (4 Years, Bachelor of Technology)",53,12,65
Indian Institute of Technology Hyderabad,"Electrical Engineering (4 Years, Bachelor of Technology)",53,12,65
Indian Institute of Technology Hyderabad,"Engineering Physics (4 Years, Bachelor of Technology)",29,6,35
Indian Institute of Technology Hyderabad,"Engineering Science (4 Years, Bachelor of Technology)",33,7,40
Indian Institute of Technology Hyderabad,"Mathematics and Computing (4 Years, Bachelor of Technology)",26,4,30
Indian Institute of Technology Hyderabad,"Mechanical Engineering (4 Years, Bachelor of Technology)",53,12,65
Indian Institute of Technology Hyderabad,"Materials Science and Metallurgical Engineering (4 Years, Bachelor of Technology)",29,6,35
Indian Institute of Technology Hyderabad,"Artificial Intelligence (4 Years, Bachelor of Technology)",34,6,40
Indian Institute of Technology Hyderabad,"Biomedical Engineering (4 Years, Bachelor of Technology)",26,4,30
Indian Institute of Technology Hyderabad,"Biotechnology and Bioinformatics (4 Years, Bachelor of Technology)",27,3,30
Indian Institute of Technology Jodhpur,"Chemical Engineering (4 Years, Bachelor of Technology)",40,10,50
Indian Institute of Technology Jodhpur,"Computer Science and Engineering (4 Years, Bachelor of Technology)",64,16,80
Indian Institute of Technology Jodhpur,"Electrical Engineering (4 Years, Bachelor of Technology)",40,10,50
Indian Institute of Technology Jodhpur,"Electronics Engineering (4 Years, Bachelor of Technology)",40,10,50
Indian Institute of Technology Jodhpur,"Mechanical Engineering (4 Years, Bachelor of Technology)",72,18,90
Indian Institute of Technology Jodhpur,"Civil and Infrastructure Engineering (4 Years, Bachelor of Technology)",48,12,60
Indian Institute of Technology Jodhpur,"Bio Engineering (4 Years, Bachelor of Technology)",40,10,50
Indian Institute of Technology Jodhpur,"Artificial Intelligence and Data Science (4 Years, Bachelor of Technology)",56,14,70
Indian Institute of Technology Jodhpur,"Materials Engineering (4 Years, Bachelor of Technology)",40,10,50
Indian Institute of Technology Jodhpur,"Physics with Specialization (4 Years, Bachelor of Science)",24,6,30
Indian Institute of Technology Jodhpur,"Chemistry with Specialization (4 Years, Bachelor of Science)",24,6,30
Indian Institute of Technology Kanpur,"Aerospace Engineering (4 Years, Bachelor of Technology)",55,14,69
Indian Institute of Technology Kanpur,"Biological Sciences and Bioengineering (4 Years, Bachelor of Technology)",42,11,53
Indian Institute of Technology Kanpur,"Chemical Engineering (4 Years, Bachelor of Technology)",83,21,104
Indian Institute of Technology Kanpur,"Civil Engineering (4 Years, Bachelor of Technology)",118,30,148
Indian Institute of Technology Kanpur,"Computer Science and Engineering (4 Years, Bachelor of Technology)",103,26,129
Indian Institute of Technology Kanpur,"Electrical Engineering (4 Years, Bachelor of Technology)",153,39,192
Indian Institute of Technology Kanpur,"Materials Science and Engineering (4 Years, Bachelor of Technology)",68,17,85
Indian Institute of Technology Kanpur,"Mechanical Engineering (4 Years, Bachelor of Technology)",119,30,149
Indian Institute of Technology Kanpur,"Chemistry (4 Years, Bachelor of Science)",39,10,49
Indian Institute of Technology Kanpur,"Economics (4 Years, Bachelor of Science)",41,11,52
Indian Institute of Technology Kanpur,"Mathematics and Scientific Computing (4 Years, Bachelor of Science)",51,13,64
Indian Institute of Technology Kanpur,"Physics (4 Years, Bachelor of Science)",36,9,45
Indian Institute of Technology Kanpur,"Earth Sciences (4 Years, Bachelor of Science)",34,9,43
Indian Institute of Technology Kanpur,"Statistics and Data Science (4 Years, Bachelor of Science)",22,6,28
Indian Institute of Technology Madras,"Aerospace Engineering (4 Years, Bachelor of Technology)",54,1,55
Indian Institute of Technology Madras,"Chemical Engineering (4 Years, Bachelor of Technology)",108,3,111
Indian Institute of Technology Madras,"Civil Engineering (4 Years, Bachelor of Technology)",111,6,117
Indian Institute of Technology Madras,"Computer Science and Engineering (4 Years, Bachelor of Technology)",81,6,87
Indian Institute of Technology Madras,"Electrical Engineering (4 Years, Bachelor of Technology)",148,6,154
Indian Institute of Technology Madras,"Engineering Physics (4 Years, Bachelor of Technology)",37,5,42
Indian Institute of Technology Madras,"Biological Engineering (4 Years, Bachelor of Technology)",30,0,30
Indian Institute of Technology Madras,"Mechanical Engineering (4 Years, Bachelor of Technology)",122,22,144
Indian Institute of Technology Madras,"Metallurgical and Materials Engineering (4 Years, Bachelor of Technology)",49,5,54
Indian Institute of Technology Madras,"Artificial Intelligence and Data Analytics (4 Years, Bachelor of Technology)",50,0,50
Indian Institute of Technology Madras,"Computational Engineering and Mechanics (4 Years, Bachelor of Technology)",40,0,40
Indian Institute of Technology Madras,"Instrumentation and Biomedical Engineering (4 Years, Bachelor of Technology)",40,0,40
Indian Institute of Technology Madras,"Naval Architecture and Ocean Engineering (4 Years, Bachelor of Technology)",69,9,78
Indian Institute of Technology Madras,"Physics (4 Years, Bachelor of Science)",12,1,13
Indian Institute of Technology Madras,"Biological Science (4 Years, Bachelor of Science)",30,0,30
Indian Institute of Technology Madras,"Aerospace Engineering (5 Years, Bachelor and Master of Technology (Dual Degree))",10,0,10
Indian Institute of Technology Madras,"Engineering Design (5 Years, Bachelor and Master of Technology (Dual Degree))",63,3,66
Indian Institute of Technology Gandhinagar,"Chemical Engineering (4 Years, Bachelor of Technology)",40,10,50
Indian Institute of Technology Gandhinagar,"Civil Engineering (4 Years, Bachelor of Technology)",32,8,40
Indian Institute of Technology Gandhinagar,"Computer Science and Engineering (4 Years, Bachelor of Technology)",48,12,60
Indian Institute of Technology Gandhinagar,"Electrical Engineering (4 Years, Bachelor of Technology)",40,10,50
Indian Institute of Technology Gandhinagar,"Mechanical Engineering (4 Years, Bachelor of Technology)",40,10,50
Indian Institute of Technology Gandhinagar,"Integrated Circuit Design & Technology (4 Years, Bachelor of Technology)",24,6,30
Indian Institute of Technology Gandhinagar,"Artificial Intelligence (4 Years, Bachelor of Technology)",32,8,40
Indian Institute of Technology Gandhinagar,"Materials Engineering (4 Years, Bachelor of Technology)",32,8,40
Indian Institute of Technology Patna,"Chemical Engineering (4 Years, Bachelor of Technology)",65,5,70
Indian Institute of Technology Patna,"Chemical Science and Technology (4 Years, Bachelor of Technology)",40,0,40
Indian Institute of Technology Patna,"Civil Engineering (4 Years, Bachelor of Technology)",64,6,70
Indian Institute of Technology Patna,"Computer Science and Engineering (4 Years, Bachelor of Technology)",83,3,86
Indian Institute of Technology Patna,"Electronics and Communication Engineering (4 Years, Bachelor of Technology)",48,2,50
Indian Institute of Technology Patna,"Engineering Physics (4 Years, Bachelor of Technology)",37,3,40
Indian Institute of Technology Patna,"Mathematics and Computing (4 Years, Bachelor of Technology)",47,3,50
Indian Institute of Technology Patna,"Mechanical Engineering (4 Years, Bachelor of Technology)",82,4,86
Indian Institute of Technology Patna,"Metallurgical and Materials Engineering (4 Years, Bachelor of Technology)",43,3,46
Indian Institute of Technology Patna,"Electrical and Electronics Engineering (4 Years, Bachelor of Technology)",48,2,50
Indian Institute of Technology Patna,"Artificial Intelligence and Data Science (4 Years, Bachelor of Technology)",46,4,50
Indian Institute of Technology Patna,"Economics (4 Years, Bachelor of Science)",24,0,24
Indian Institute of Technology Patna,"B.Tech. in Electronics and Communication Engineering and M.Tech. in Communication Systems (5 Years, Bachelor and Master of Technology (Dual Degree))",10,0,10
Indian Institute of Technology Patna,"B.Tech (Chemical Science and Technology) - MBA in Hospital and Health Care Management (IIM Bodh Gaya) (5 Years, Bachelor of Technology and MBA (Dual Degree))",5,0,5
Indian Institute of Technology Patna,"B.Tech (Civil Engineering) - MBA (IIM Bodh Gaya) (5 Years, Bachelor of Technology and MBA (Dual Degree))",6,0,6
Indian Institute of Technology Patna,"B.Tech (Computer Science and Engineering) - MBA in Digital Business Management (IIM Bodh Gaya) (5 Years, Bachelor of Technology and MBA (Dual Degree))",5,0,5
Indian Institute of Technology Patna,"B.Tech (Electronics and Communication Engineering) - MBA in Hospital and Healthcare Management (IIM Bodh Gaya) (5 Years, Bachelor of Technology and MBA (Dual Degree))",5,0,5
Indian Institute of Technology Patna,"B.Tech (Engineering Physics) - MBA (IIM Bodh Gaya) (5 Years, Bachelor of Technology and MBA (Dual Degree))",6,0,6
Indian Institute of Technology Patna,"B.Tech (Mathematics and Computing) - MBA in Digital Business Management (IIM Bodh Gaya) (5 Years, Bachelor of Technology and MBA (Dual Degree))",5,0,5
Indian Institute of Technology Patna,"B.Tech (Metallurgical and Materials Engineering) - MBA (IIM Bodh Gaya) (5 Years, Bachelor of Technology and MBA (Dual Degree))",6,0,6
Indian Institute of Technology Patna,"B.Tech (Electrical and Electronics Engineering) - MBA (IIM Bodh Gaya) (5 Years, Bachelor of Technology and MBA (Dual Degree))",6,0,6
Indian Institute of Technology Patna,"B.Tech (Artificial Intelligence and Data Science) - MBA in Digital Business Management (IIM Bodh Gaya) (5 Years, Bachelor of Technology and MBA (Dual Degree))",5,0,5
Indian Institute of Technology Patna,"B.Tech (Chemical Engineering) - MBA in Hospital and Health Care Management (IIM Bodh Gaya) (5 Years, Bachelor of Technology and MBA (Dual Degree))",5,0,5
Indian Institute of Technology Patna,"B.Tech (Mechanical Engineering) - MBA (IIM Mumbai) (5 Years, Bachelor of Technology and MBA (Dual Degree))",15,0,15
Indian Institute of Technology Patna,"B. Tech in CE. - M. Tech. in Geotechnical Engineering (5 Years, B.Tech. + M.Tech./MS (Dual Degree))",10,0,10
Indian Institute of Technology Patna,"B. Tech in CE. - M. Tech. in Structural Engineering (5 Years, B.Tech. + M.Tech./MS (Dual Degree))",10,0,10
Indian Institute of Technology Patna,"B. Tech. (CSE) and M.Tech in CSE (5 Years, B.Tech. + M.Tech./MS (Dual Degree))",10,0,10
Indian Institute of Technology Patna,"B. Tech. (ECE) -M. Tech. in VLSI (5 Years, B.Tech. + M.Tech./MS (Dual Degree))",10,0,10
Indian Institute of Technology Patna,"B. Tech. (EEE)-M. Tech. in (Power &. Control) (5 Years, B.Tech. + M.Tech./MS (Dual Degree))",10,0,10
Indian Institute of Technology Patna,"B. Tech. (Mathematics & Computing) M. Tech. in (Mathematics & Computing) (5 Years, B.Tech. + M.Tech./MS (Dual Degree))",10,0,10
Indian Institute of Technology Patna,"B. Tech. (ME) - M. Tech. in Mechatronics (5 Years, B.Tech. + M.Tech./MS (Dual Degree))",10,0,10
Indian Institute of Technology Patna,"BS in Economics with MBA (IIM Bodh Gaya) (5 Years, Bachelor of Science and MBA (Dual Degree))",6,0,6
Indian Institute of Technology Roorkee,"Chemical Engineering (4 Years, Bachelor of Technology)",109,8,117
Indian Institute of Technology Roorkee,"Civil Engineering (4 Years, Bachelor of Technology)",154,0,154
Indian Institute of Technology Roorkee,"Computer Science and Engineering (4 Years, Bachelor of Technology)",94,15,109
Indian Institute of Technology Roorkee,"Electrical Engineering (4 Years, Bachelor of Technology)",150,15,165
Indian Institute of Technology Roorkee,"Electronics and Communication Engineering (4 Years, Bachelor of Technology)",100,9,109
Indian Institute of Technology Roorkee,"Engineering Physics (4 Years, Bachelor of Technology)",47,3,50
Indian Institute of Technology Roorkee,"Mechanical Engineering (4 Years, Bachelor of Technology)",125,25,150
Indian Institute of Technology Roorkee,"Metallurgical and Materials Engineering (4 Years, Bachelor of Technology)",70,12,82
Indian Institute of Technology Roorkee,"Production and Industrial Engineering (4 Years, Bachelor of Technology)",50,8,58
Indian Institute of Technology Roorkee,"Data Science and Artificial Intelligence (4 Years, Bachelor of Technology)",40,0,40
Indian Institute of Technology Roorkee,"Biosciences and Bioengineering (4 Years, Bachelor of Technology)",44,2,46
Indian Institute of Technology Roorkee,"Energy Engineering (4 Years, Bachelor of Technology)",20,0,20
Indian Institute of Technology Roorkee,"Architecture (5 Years, Bachelor of Architecture)",30,0,30
Indian Institute of Technology Roorkee,"Geological Technology (5 Years, Integrated Master of Technology)",38,0,38
Indian Institute of Technology Roorkee,"Geophysical Technology (5 Years, Integrated Master of Technology)",38,3,41
Indian Institute of Technology Roorkee,"Physics (5 Years, Bachelor of Science and Master of Science (Dual Degree))",25,2,27
Indian Institute of Technology Roorkee,"Mathematics & Computing (5 Years, Bachelor of Science and Master of Science (Dual Degree))",44,5,49
Indian Institute of Technology Roorkee,"Chemical Sciences (5 Years, Bachelor of Science and Master of Science (Dual Degree))",35,0,35
Indian Institute of Technology Roorkee,"Economics (5 Years, Bachelor of Science and Master of Science (Dual Degree))",33,0,33
Indian Institute of Technology (ISM) Dhanbad,"Chemical Engineering (4 Years, Bachelor of Technology)",49,6,55
Indian Institute of Technology (ISM) Dhanbad,"Civil Engineering (4 Years, Bachelor of Technology)",61,8,69
Indian Institute of Technology (ISM) Dhanbad,"Computer Science and Engineering (4 Years, Bachelor of Technology)",124,15,139
Indian Institute of Technology (ISM) Dhanbad,"Electrical Engineering (4 Years, Bachelor of Technology)",114,9,123
Indian Institute of Technology (ISM) Dhanbad,"Electronics and Communication Engineering (4 Years, Bachelor of Technology)",116,8,124
Indian Institute of Technology (ISM) Dhanbad,"Engineering Physics (4 Years, Bachelor of Technology)",29,2,31
Indian Institute of Technology (ISM) Dhanbad,"Environmental Engineering (4 Years, Bachelor of Technology)",47,1,48
Indian Institute of Technology (ISM) Dhanbad,"Mathematics and Computing (4 Years, Bachelor of Technology)",55,0,55
Indian Institute of Technology (ISM) Dhanbad,"Mechanical Engineering (4 Years, Bachelor of Technology)",111,20,131
Indian Institute of Technology (ISM) Dhanbad,"Mining Engineering (4 Years, Bachelor of Technology)",90,0,90
Indian Institute of Technology (ISM) Dhanbad,"Mining Machinery Engineering (4 Years, Bachelor of Technology)",47,9,56
Indian Institute of Technology (ISM) Dhanbad,"Petroleum Engineering (4 Years, Bachelor of Technology)",79,11,90
Indian Institute of Technology (ISM) Dhanbad,"Mineral and Metallurgical Engineering (4 Years, Bachelor of Technology)",37,8,45
Indian Institute of Technology (ISM) Dhanbad,"Applied Geology (5 Years, Integrated Master of Technology)",19,2,21
Indian Institute of Technology (ISM) Dhanbad,"Applied Geophysics (5 Years, Integrated Master of Technology)",19,2,21
Indian Institute of Technology (ISM) Dhanbad,"B.Tech Mining Engineering and MBA in Logistic and Supply Chain Management (IIM Mumbai) (5 Years, Integrated B. Tech. and MBA)",60,0,60
Indian Institute of Technology (ISM) Dhanbad,"Physical Science (5 Years, Integrated Bachelor of Science-Master of Science)",26,0,26
Indian Institute of Technology (ISM) Dhanbad,"Chemical Science (5 Years, Integrated Bachelor of Science-Master of Science)",26,0,26
Indian Institute of Technology Ropar,"Chemical Engineering (4 Years, Bachelor of Technology)",34,1,35
Indian Institute of Technology Ropar,"Civil Engineering (4 Years, Bachelor of Technology)",32,3,35
Indian Institute of Technology Ropar,"Computer Science and Engineering (4 Years, Bachelor of Technology)",109,11,120
Indian Institute of Technology Ropar,"Electrical Engineering (4 Years, Bachelor of Technology)",108,12,120
Indian Institute of Technology Ropar,"Engineering Physics (4 Years, Bachelor of Technology)",24,1,25
Indian Institute of Technology Ropar,"Artificial Intelligence and Data Engineering (4 Years, Bachelor of Technology)",79,1,80
Indian Institute of Technology Ropar,"Mathematics and Computing (4 Years, Bachelor of Technology)",78,2,80
Indian Institute of Technology Ropar,"Mechanical Engineering (4 Years, Bachelor of Technology)",67,16,83
Indian Institute of Technology Ropar,"Metallurgical and Materials Engineering (4 Years, Bachelor of Technology)",27,1,28
Indian Institute of Technology Ropar,"Digital Agriculture (4 Years, Bachelor of Technology)",20,0,20
Indian Institute of Technology Ropar,"Electrical Engineering (Integrated Circuit Design and Technology) (4 Years, Bachelor of Technology)",20,0,20
Indian Institute of Technology (BHU) Varanasi,"Ceramic Engineering (4 Years, Bachelor of Technology)",75,0,75
Indian Institute of Technology (BHU) Varanasi,"Chemical Engineering (4 Years, Bachelor of Technology)",170,0,170
Indian Institute of Technology (BHU) Varanasi,"Civil Engineering (4 Years, Bachelor of Technology)",150,10,160
Indian Institute of Technology (BHU) Varanasi,"Industrial Chemistry (4 Years, Bachelor of Technology)",24,0,24
Indian Institute of Technology (BHU) Varanasi,"Computer Science and Engineering (4 Years, Bachelor of Technology)",145,10,155
Indian Institute of Technology (BHU) Varanasi,"Electrical Engineering (4 Years, Bachelor of Technology)",143,7,150
Indian Institute of Technology (BHU) Varanasi,"Electronics Engineering (4 Years, Bachelor of Technology)",145,10,155
Indian Institute of Technology (BHU) Varanasi,"Engineering Physics (4 Years, Bachelor of Technology)",40,0,40
Indian Institute of Technology (BHU) Varanasi,"Mathematics and Computing (4 Years, Bachelor of Technology)",65,0,65
Indian Institute of Technology (BHU) Varanasi,"Mechanical Engineering (4 Years, Bachelor of Technology)",178,12,190
Indian Institute of Technology (BHU) Varanasi,"Metallurgical Engineering (4 Years, Bachelor of Technology)",106,4,110
Indian Institute of Technology (BHU) Varanasi,"Biochemical Engineering (4 Years, Bachelor of Technology)",25,0,25
Indian Institute of Technology (BHU) Varanasi,"Bioengineering (4 Years, Bachelor of Technology)",21,0,21
Indian Institute of Technology (BHU) Varanasi,"Materials Science and Technology (4 Years, Bachelor of Technology)",28,0,28
Indian Institute of Technology (BHU) Varanasi,"Mining Engineering (4 Years, Bachelor of Technology)",112,8,120
Indian Institute of Technology (BHU) Varanasi,"Pharmaceutical Engineering & Technology (4 Years, Bachelor of Technology)",75,0,75
Indian Institute of Technology (BHU) Varanasi,"Architecture (5 Years, Bachelor of Architecture)",26,0,26
Indian Institute of Technology Guwahati,"Chemical Engineering (4 Years, Bachelor of Technology)",82,10,92
Indian Institute of Technology Guwahati,"Chemical Science and Technology (4 Years, Bachelor of Technology)",61,4,65
Indian Institute of Technology Guwahati,"Civil Engineering (4 Years, Bachelor of Technology)",99,18,117
Indian Institute of Technology Guwahati,"Computer Science and Engineering (4 Years, Bachelor of Technology)",99,15,114
Indian Institute of Technology Guwahati,"Electronics and Communication Engineering (4 Years, Bachelor of Technology)",90,14,104
Indian Institute of Technology Guwahati,"Electronics and Electrical Engineering (4 Years, Bachelor of Technology)",52,10,62
Indian Institute of Technology Guwahati,"Engineering Physics (4 Years, Bachelor of Technology)",61,7,68
Indian Institute of Technology Guwahati,"Mathematics and Computing (4 Years, Bachelor of Technology)",68,4,72
Indian Institute of Technology Guwahati,"Mechanical Engineering (4 Years, Bachelor of Technology)",99,20,119
Indian Institute of Technology Guwahati,"Data Science and Artificial Intelligence (4 Years, Bachelor of Technology)",50,0,50
Indian Institute of Technology Guwahati,"Biosciences and Bioengineering (4 Years, Bachelor of Technology)",74,5,79
Indian Institute of Technology Guwahati,"Energy Engineering (4 Years, Bachelor of Technology)",20,0,20
Indian Institute of Technology Bhilai,"Computer Science and Engineering (4 Years, Bachelor of Technology)",56,5,61
Indian Institute of Technology Bhilai,"Electrical Engineering (4 Years, Bachelor of Technology)",56,4,60
Indian Institute of Technology Bhilai,"Electronics and Communication Engineering (4 Years, Bachelor of Technology)",44,0,44
Indian Institute of Technology Bhilai,"Mechanical Engineering (4 Years, Bachelor of Technology)",56,4,60
Indian Institute of Technology Bhilai,"Materials Science and Metallurgical Engineering (4 Years, Bachelor of Technology)",30,0,30
Indian Institute of Technology Bhilai,"Mechatronics Engineering (4 Years, Bachelor of Technology)",30,0,30
Indian Institute of Technology Bhilai,"Data Science and Artificial Intelligence (4 Years, Bachelor of Technology)",44,0,44
Indian Institute of Technology Goa,"Computer Science and Engineering (4 Years, Bachelor of Technology)",36,9,45
Indian Institute of Technology Goa,"Electrical Engineering (4 Years, Bachelor of Technology)",36,9,45
Indian Institute of Technology Goa,"Mathematics and Computing (4 Years, Bachelor of Technology)",24,6,30
Indian Institute of Technology Goa,"Mechanical Engineering (4 Years, Bachelor of Technology)",36,9,45
Indian Institute of Technology Palakkad,"Civil Engineering (4 Years, Bachelor of Technology)",32,8,40
Indian Institute of Technology Palakkad,"Computer Science and Engineering (4 Years, Bachelor of Technology)",32,8,40
Indian Institute of Technology Palakkad,"Electrical Engineering (4 Years, Bachelor of Technology)",32,8,40
Indian Institute of Technology Palakkad,"Mechanical Engineering (4 Years, Bachelor of Technology)",32,8,40
Indian Institute of Technology Palakkad,"Data Science and Engineering (4 Years, Bachelor of Technology)",32,8,40
Indian Institute of Technology Tirupati,"Chemical Engineering (4 Years, Bachelor of Technology)",37,2,39
Indian Institute of Technology Tirupati,"Civil Engineering (4 Years, Bachelor of Technology)",37,2,39
Indian Institute of Technology Tirupati,"Computer Science and Engineering (4 Years, Bachelor of Technology)",50,3,53
Indian Institute of Technology Tirupati,"Electrical Engineering (4 Years, Bachelor of Technology)",57,3,60
Indian Institute of Technology Tirupati,"Engineering Physics (4 Years, Bachelor of Technology)",10,0,10
Indian Institute of Technology Tirupati,"Mechanical Engineering (4 Years, Bachelor of Technology)",50,3,53
Indian Institute of Technology Jammu,"Chemical Engineering (4 Years, Bachelor of Technology)",40,0,40
Indian Institute of Technology Jammu,"Civil Engineering (4 Years, Bachelor of Technology)",40,0,40
Indian Institute of Technology Jammu,"Computer Science and Engineering (4 Years, Bachelor of Technology)",40,0,40
Indian Institute of Technology Jammu,"Electrical Engineering (4 Years, Bachelor of Technology)",40,0,40
Indian Institute of Technology Jammu,"Engineering Physics (4 Years, Bachelor of Technology)",25,0,25
Indian Institute of Technology Jammu,"Mathematics and Computing (4 Years, Bachelor of Technology)",40,0,40
Indian Institute of Technology Jammu,"Mechanical Engineering (4 Years, Bachelor of Technology)",40,0,40
Indian Institute of Technology Jammu,"Materials Engineering (4 Years, Bachelor of Technology)",40,0,40
Indian Institute of Technology Dharwad,"Chemical and Biochemical Engineering (4 Years, Bachelor of Technology)",28,2,30
Indian Institute of Technology Dharwad,"Computer Science and Engineering (4 Years, Bachelor of Technology)",62,3,65
Indian Institute of Technology Dharwad,"Electronics and Communication Engineering (4 Years, Bachelor of Technology)",42,3,45
Indian Institute of Technology Dharwad,"Engineering Physics (4 Years, Bachelor of Technology)",28,2,30
Indian Institute of Technology Dharwad,"Mathematics and Computing (4 Years, Bachelor of Technology)",28,2,30
Indian Institute of Technology Dharwad,"Mechanical Engineering (4 Years, Bachelor of Technology)",62,3,65
Indian Institute of Technology Dharwad,"Civil and Infrastructure Engineering (4 Years, Bachelor of Technology)",28,2,30
Indian Institute of Technology Dharwad,"Electrical and Electronics Engineering (4 Years, Bachelor of Technology)",28,2,30
Indian Institute of Technology Dharwad,"Interdisciplinary Sciences (5 Years, Bachelor of Science and Master of Science (Dual Degree))",57,3,60
"Dr. B R Ambedkar National Institute of Technology, Jalandhar","Bio Technology (4 Years, Bachelor of Technology) PUNJAB",25,0,25
"Dr. B R Ambedkar National Institute of Technology, Jalandhar","Bio Technology (4 Years, Bachelor of Technology) Other than PUNJAB",25,0,25
"Dr. B R Ambedkar National Institute of Technology, Jalandhar","Chemical Engineering (4 Years, Bachelor of Technology) PUNJAB",35,0,35
"Dr. B R Ambedkar National Institute of Technology, Jalandhar","Chemical Engineering (4 Years, Bachelor of Technology) Other than PUNJAB",35,0,35
"Dr. B R Ambedkar National Institute of Technology, Jalandhar","Civil Engineering (4 Years, Bachelor of Technology) PUNJAB",40,0,40
"Dr. B R Ambedkar National Institute of Technology, Jalandhar","Civil Engineering (4 Years, Bachelor of Technology) Other than PUNJAB",40,0,40
"Dr. B R Ambedkar National Institute of Technology, Jalandhar","Electronics and VLSI Engineering (4 Years, Bachelor of Technology) PUNJAB",15,0,15
"Dr. B R Ambedkar National Institute of Technology, Jalandhar","Electronics and VLSI Engineering (4 Years, Bachelor of Technology) Other than PUNJAB",15,0,15
"Dr. B R Ambedkar National Institute of Technology, Jalandhar","Computer Science and Engineering (4 Years, Bachelor of Technology) PUNJAB",79,0,79
"Dr. B R Ambedkar National Institute of Technology, Jalandhar","Computer Science and Engineering (4 Years, Bachelor of Technology) Other than PUNJAB",79,0,79
"Dr. B R Ambedkar National Institute of Technology, Jalandhar","Electrical Engineering (4 Years, Bachelor of Technology) PUNJAB",30,0,30
"Dr. B R Ambedkar National Institute of Technology, Jalandhar","Electrical Engineering (4 Years, Bachelor of Technology) Other than PUNJAB",30,0,30
"Dr. B R Ambedkar National Institute of Technology, Jalandhar","Electronics and Communication Engineering (4 Years, Bachelor of Technology) PUNJAB",43,0,43
"Dr. B R Ambedkar National Institute of Technology, Jalandhar","Electronics and Communication Engineering (4 Years, Bachelor of Technology) Other than PUNJAB",42,0,42
"Dr. B R Ambedkar National Institute of Technology, Jalandhar","Mathematics and Computing (4 Years, Bachelor of Technology) PUNJAB",25,0,25
"Dr. B R Ambedkar National Institute of Technology, Jalandhar","Mathematics and Computing (4 Years, Bachelor of Technology) Other than PUNJAB",25,0,25
"Dr. B R Ambedkar National Institute of Technology, Jalandhar","Mechanical Engineering (4 Years, Bachelor of Technology) PUNJAB",55,0,55
"Dr. B R Ambedkar National Institute of Technology, Jalandhar","Mechanical Engineering (4 Years, Bachelor of Technology) Other than PUNJAB",55,0,55
"Dr. B R Ambedkar National Institute of Technology, Jalandhar","Textile Technology (4 Years, Bachelor of Technology) PUNJAB",35,0,35
"Dr. B R Ambedkar National Institute of Technology, Jalandhar","Textile Technology (4 Years, Bachelor of Technology) Other than PUNJAB",35,0,35
"Dr. B R Ambedkar National Institute of Technology, Jalandhar","Information Technology (4 Years, Bachelor of Technology) PUNJAB",60,0,60
"Dr. B R Ambedkar National Institute of Technology, Jalandhar","Information Technology (4 Years, Bachelor of Technology) Other than PUNJAB",60,0,60
"Dr. B R Ambedkar National Institute of Technology, Jalandhar","Instrumentation and Control Engineering (4 Years, Bachelor of Technology) PUNJAB",45,0,45
"Dr. B R Ambedkar National Institute of Technology, Jalandhar","Instrumentation and Control Engineering (4 Years, Bachelor of Technology) Other than PUNJAB",45,0,45
"Dr. B R Ambedkar National Institute of Technology, Jalandhar","Industrial and Production Engineering (4 Years, Bachelor of Technology) PUNJAB",35,0,35
"Dr. B R Ambedkar National Institute of Technology, Jalandhar","Industrial and Production Engineering (4 Years, Bachelor of Technology) Other than PUNJAB",35,0,35
"Dr. B R Ambedkar National Institute of Technology, Jalandhar","Data Science and Engineering (4 Years, Bachelor of Technology) PUNJAB",30,0,30
"Dr. B R Ambedkar National Institute of Technology, Jalandhar","Data Science and Engineering (4 Years, Bachelor of Technology) Other than PUNJAB",30,0,30
Malaviya National Institute of Technology Jaipur,"Chemical Engineering (4 Years, Bachelor of Technology) RAJASTHAN",58,0,58
Malaviya National Institute of Technology Jaipur,"Chemical Engineering (4 Years, Bachelor of Technology) Other than RAJASTHAN",57,0,57
Malaviya National Institute of Technology Jaipur,"Civil Engineering (4 Years, Bachelor of Technology) RAJASTHAN",57,0,57
Malaviya National Institute of Technology Jaipur,"Civil Engineering (4 Years, Bachelor of Technology) Other than RAJASTHAN",58,0,58
Malaviya National Institute of Technology Jaipur,"Computer Science and Engineering (4 Years, Bachelor of Technology) RAJASTHAN",58,0,58
Malaviya National Institute of Technology Jaipur,"Computer Science and Engineering (4 Years, Bachelor of Technology) Other than RAJASTHAN",59,0,59
Malaviya National Institute of Technology Jaipur,"Electrical Engineering (4 Years, Bachelor of Technology) RAJASTHAN",58,0,58
Malaviya National Institute of Technology Jaipur,"Electrical Engineering (4 Years, Bachelor of Technology) Other than RAJASTHAN",59,0,59
Malaviya National Institute of Technology Jaipur,"Electronics and Communication Engineering (4 Years, Bachelor of Technology) RAJASTHAN",59,0,59
Malaviya National Institute of Technology Jaipur,"Electronics and Communication Engineering (4 Years, Bachelor of Technology) Other than RAJASTHAN",58,0,58
Malaviya National Institute of Technology Jaipur,"Artificial Intelligence and Data Engineering (4 Years, Bachelor of Technology) RAJASTHAN",20,0,20
Malaviya National Institute of Technology Jaipur,"Artificial Intelligence and Data Engineering (4 Years, Bachelor of Technology) Other than RAJASTHAN",20,0,20
Malaviya National Institute of Technology Jaipur,"Mechanical Engineering (4 Years, Bachelor of Technology) RAJASTHAN",59,0,59
Malaviya National Institute of Technology Jaipur,"Mechanical Engineering (4 Years, Bachelor of Technology) Other than RAJASTHAN",57,0,57
Malaviya National Institute of Technology Jaipur,"Metallurgical and Materials Engineering (4 Years, Bachelor of Technology) RAJASTHAN",37,0,37
Malaviya National Institute of Technology Jaipur,"Metallurgical and Materials Engineering (4 Years, Bachelor of Technology) Other than RAJASTHAN",37,0,37
Malaviya National Institute of Technology Jaipur,"Architecture (5 Years, Bachelor of Architecture) RAJASTHAN",38,0,38
Malaviya National Institute of Technology Jaipur,"Architecture (5 Years, Bachelor of Architecture) Other than RAJASTHAN",39,0,39
Maulana Azad National Institute of Technology Bhopal,"Chemical Engineering (4 Years, Bachelor of Technology) MADHYA PRADESH",29,7,36
Maulana Azad National Institute of Technology Bhopal,"Chemical Engineering (4 Years, Bachelor of Technology) Other than MADHYA PRADESH",28,7,35
Maulana Azad National Institute of Technology Bhopal,"Civil Engineering (4 Years, Bachelor of Technology) MADHYA PRADESH",41,10,51
Maulana Azad National Institute of Technology Bhopal,"Civil Engineering (4 Years, Bachelor of Technology) Other than MADHYA PRADESH",40,10,50
Maulana Azad National Institute of Technology Bhopal,"Computer Science and Engineering (4 Years, Bachelor of Technology) MADHYA PRADESH",91,23,114
Maulana Azad National Institute of Technology Bhopal,"Computer Science and Engineering (4 Years, Bachelor of Technology) Other than MADHYA PRADESH",92,23,115
Maulana Azad National Institute of Technology Bhopal,"Electrical Engineering (4 Years, Bachelor of Technology) MADHYA PRADESH",54,12,66
Maulana Azad National Institute of Technology Bhopal,"Electrical Engineering (4 Years, Bachelor of Technology) Other than MADHYA PRADESH",54,12,66
Maulana Azad National Institute of Technology Bhopal,"Electronics and Communication Engineering (4 Years, Bachelor of Technology) MADHYA PRADESH",69,18,87
Maulana Azad National Institute of Technology Bhopal,"Electronics and Communication Engineering (4 Years, Bachelor of Technology) Other than MADHYA PRADESH",69,17,86
Maulana Azad National Institute of Technology Bhopal,"Mechanical Engineering (4 Years, Bachelor of Technology) MADHYA PRADESH",76,16,92
Maulana Azad National Institute of Technology Bhopal,"Mechanical Engineering (4 Years, Bachelor of Technology) Other than MADHYA PRADESH",76,16,92
Maulana Azad National Institute of Technology Bhopal,"Energy and Electrical Vehicle Engineering (4 Years, Bachelor of Technology) MADHYA PRADESH",12,3,15
Maulana Azad National Institute of Technology Bhopal,"Energy and Electrical Vehicle Engineering (4 Years, Bachelor of Technology) Other than MADHYA PRADESH",12,3,15
Maulana Azad National Institute of Technology Bhopal,"Materials Science and Metallurgical Engineering (4 Years, Bachelor of Technology) MADHYA PRADESH",29,7,36
Maulana Azad National Institute of Technology Bhopal,"Materials Science and Metallurgical Engineering (4 Years, Bachelor of Technology) Other than MADHYA PRADESH",28,7,35
Maulana Azad National Institute of Technology Bhopal,"Planning (4 Years, Bachelor of Planning) MADHYA PRADESH",21,5,26
Maulana Azad National Institute of Technology Bhopal,"Planning (4 Years, Bachelor of Planning) Other than MADHYA PRADESH",21,5,26
Maulana Azad National Institute of Technology Bhopal,"Architecture (5 Years, Bachelor of Architecture) MADHYA PRADESH",40,10,50
Maulana Azad National Institute of Technology Bhopal,"Architecture (5 Years, Bachelor of Architecture) Other than MADHYA PRADESH",40,10,50
Maulana Azad National Institute of Technology Bhopal,"Mathematics and Data Science (5 Years, Bachelor and Master of Technology (Dual Degree)) MADHYA PRADESH",12,3,15
Maulana Azad National Institute of Technology Bhopal,"Mathematics and Data Science (5 Years, Bachelor and Master of Technology (Dual Degree)) Other than MADHYA PRADESH",12,3,15
Maulana Azad National Institute of Technology Bhopal,"B. Tech. and M. Tech. in Engineering and Computational Mechanics (Dual Degree) (5 Years, Bachelor and Master of Technology (Dual Degree)) MADHYA PRADESH",12,3,15
Maulana Azad National Institute of Technology Bhopal,"B. Tech. and M. Tech. in Engineering and Computational Mechanics (Dual Degree) (5 Years, Bachelor and Master of Technology (Dual Degree)) Other than MADHYA PRADESH",12,3,15
Motilal Nehru National Institute of Technology Allahabad,"Bio Technology (4 Years, Bachelor of Technology) UTTAR PRADESH",28,2,30
Motilal Nehru National Institute of Technology Allahabad,"Bio Technology (4 Years, Bachelor of Technology) Other than UTTAR PRADESH",29,1,30
Motilal Nehru National Institute of Technology Allahabad,"Chemical Engineering (4 Years, Bachelor of Technology) UTTAR PRADESH",29,1,30
Motilal Nehru National Institute of Technology Allahabad,"Chemical Engineering (4 Years, Bachelor of Technology) Other than UTTAR PRADESH",28,2,30
Motilal Nehru National Institute of Technology Allahabad,"Civil Engineering (4 Years, Bachelor of Technology) UTTAR PRADESH",57,3,60
Motilal Nehru National Institute of Technology Allahabad,"Civil Engineering (4 Years, Bachelor of Technology) Other than UTTAR PRADESH",58,3,61
Motilal Nehru National Institute of Technology Allahabad,"Computer Science and Engineering (4 Years, Bachelor of Technology) UTTAR PRADESH",154,9,163
Motilal Nehru National Institute of Technology Allahabad,"Computer Science and Engineering (4 Years, Bachelor of Technology) Other than UTTAR PRADESH",154,8,162
Motilal Nehru National Institute of Technology Allahabad,"Electrical Engineering (4 Years, Bachelor of Technology) UTTAR PRADESH",48,3,51
Motilal Nehru National Institute of Technology Allahabad,"Electrical Engineering (4 Years, Bachelor of Technology) Other than UTTAR PRADESH",49,3,52
Motilal Nehru National Institute of Technology Allahabad,"Electronics and Communication Engineering (4 Years, Bachelor of Technology) UTTAR PRADESH",87,4,91
Motilal Nehru National Institute of Technology Allahabad,"Electronics and Communication Engineering (4 Years, Bachelor of Technology) Other than UTTAR PRADESH",86,5,91
Motilal Nehru National Institute of Technology Allahabad,"Mechanical Engineering (4 Years, Bachelor of Technology) UTTAR PRADESH",77,5,82
Motilal Nehru National Institute of Technology Allahabad,"Mechanical Engineering (4 Years, Bachelor of Technology) Other than UTTAR PRADESH",77,4,81
Motilal Nehru National Institute of Technology Allahabad,"Materials Engineering (4 Years, Bachelor of Technology) UTTAR PRADESH",15,0,15
Motilal Nehru National Institute of Technology Allahabad,"Materials Engineering (4 Years, Bachelor of Technology) Other than UTTAR PRADESH",15,0,15
Motilal Nehru National Institute of Technology Allahabad,"Production and Industrial Engineering (4 Years, Bachelor of Technology) UTTAR PRADESH",29,1,30
Motilal Nehru National Institute of Technology Allahabad,"Production and Industrial Engineering (4 Years, Bachelor of Technology) Other than UTTAR PRADESH",28,2,30
Motilal Nehru National Institute of Technology Allahabad,"Engineering and Computational Mechanics (4 Years, Bachelor of Technology) UTTAR PRADESH",15,0,15
Motilal Nehru National Institute of Technology Allahabad,"Engineering and Computational Mechanics (4 Years, Bachelor of Technology) Other than UTTAR PRADESH",15,0,15
National Institute of Technology Agartala,"Biotechnology and Biochemical Engineering (4 Years, Bachelor of Technology) TRIPURA",23,7,30
National Institute of Technology Agartala,"Biotechnology and Biochemical Engineering (4 Years, Bachelor of Technology) Other than TRIPURA",23,7,30
National Institute of Technology Agartala,"Chemical Engineering (4 Years, Bachelor of Technology) TRIPURA",37,8,45
National Institute of Technology Agartala,"Chemical Engineering (4 Years, Bachelor of Technology) Other than TRIPURA",36,9,45
National Institute of Technology Agartala,"Civil Engineering (4 Years, Bachelor of Technology) TRIPURA",47,13,60
National Institute of Technology Agartala,"Civil Engineering (4 Years, Bachelor of Technology) Other than TRIPURA",47,13,60
National Institute of Technology Agartala,"Computer Science and Engineering (4 Years, Bachelor of Technology) TRIPURA",73,17,90
National Institute of Technology Agartala,"Computer Science and Engineering (4 Years, Bachelor of Technology) Other than TRIPURA",71,19,90
National Institute of Technology Agartala,"Electrical Engineering (4 Years, Bachelor of Technology) TRIPURA",46,14,60
National Institute of Technology Agartala,"Electrical Engineering (4 Years, Bachelor of Technology) Other than TRIPURA",47,13,60
National Institute of Technology Agartala,"Electronics and Communication Engineering (4 Years, Bachelor of Technology) TRIPURA",45,15,60
National Institute of Technology Agartala,"Electronics and Communication Engineering (4 Years, Bachelor of Technology) Other than TRIPURA",47,13,60
National Institute of Technology Agartala,"Mechanical Engineering (4 Years, Bachelor of Technology) TRIPURA",46,14,60
National Institute of Technology Agartala,"Mechanical Engineering (4 Years, Bachelor of Technology) Other than TRIPURA",47,13,60
National Institute of Technology Agartala,"Electronics and Instrumentation Engineering (4 Years, Bachelor of Technology) TRIPURA",35,10,45
National Institute of Technology Agartala,"Electronics and Instrumentation Engineering (4 Years, Bachelor of Technology) Other than TRIPURA",36,9,45
National Institute of Technology Agartala,"Production Engineering (4 Years, Bachelor of Technology) TRIPURA",33,12,45
National Institute of Technology Agartala,"Production Engineering (4 Years, Bachelor of Technology) Other than TRIPURA",33,12,45
National Institute of Technology Agartala,"Computational Mathematics (5 Years, Bachelor and Master of Technology (Dual Degree)) TRIPURA",12,0,12
National Institute of Technology Agartala,"Computational Mathematics (5 Years, Bachelor and Master of Technology (Dual Degree)) Other than TRIPURA",13,0,13
National Institute of Technology Agartala,"Engineering Physics (5 Years, Bachelor and Master of Technology (Dual Degree)) TRIPURA",12,0,12
National Institute of Technology Agartala,"Engineering Physics (5 Years, Bachelor and Master of Technology (Dual Degree)) Other than TRIPURA",13,0,13
National Institute of Technology Agartala,"Physics (5 Years, Bachelor of Science and Master of Science (Dual Degree)) TRIPURA",20,0,20
National Institute of Technology Agartala,"Physics (5 Years, Bachelor of Science and Master of Science (Dual Degree)) Other than TRIPURA",20,0,20
National Institute of Technology Agartala,"Chemistry (5 Years, Bachelor of Science and Master of Science (Dual Degree)) TRIPURA",20,0,20
National Institute of Technology Agartala,"Chemistry (5 Years, Bachelor of Science and Master of Science (Dual Degree)) Other than TRIPURA",20,0,20
National Institute of Technology Agartala,"Mathematics & Computing (5 Years, Bachelor of Science and Master of Science (Dual Degree)) TRIPURA",20,0,20
National Institute of Technology Agartala,"Mathematics & Computing (5 Years, Bachelor of Science and Master of Science (Dual Degree)) Other than TRIPURA",20,0,20
National Institute of Technology Calicut,"Bio Technology (4 Years, Bachelor of Technology) KERALA",19,0,19
National Institute of Technology Calicut,"Bio Technology (4 Years, Bachelor of Technology) Other than KERALA",18,0,18
National Institute of Technology Calicut,"Chemical Engineering (4 Years, Bachelor of Technology) KERALA",58,0,58
National Institute of Technology Calicut,"Chemical Engineering (4 Years, Bachelor of Technology) Other than KERALA",58,0,58
National Institute of Technology Calicut,"Civil Engineering (4 Years, Bachelor of Technology) KERALA",86,0,86
National Institute of Technology Calicut,"Civil Engineering (4 Years, Bachelor of Technology) Other than KERALA",86,0,86
National Institute of Technology Calicut,"Computer Science and Engineering (4 Years, Bachelor of Technology) KERALA",86,3,89
National Institute of Technology Calicut,"Computer Science and Engineering (4 Years, Bachelor of Technology) Other than KERALA",86,3,89
National Institute of Technology Calicut,"Electronics and Communication Engineering (4 Years, Bachelor of Technology) KERALA",86,0,86
National Institute of Technology Calicut,"Electronics and Communication Engineering (4 Years, Bachelor of Technology) Other than KERALA",86,1,87
National Institute of Technology Calicut,"Engineering Physics (4 Years, Bachelor of Technology) KERALA",19,0,19
National Institute of Technology Calicut,"Engineering Physics (4 Years, Bachelor of Technology) Other than KERALA",18,0,18
National Institute of Technology Calicut,"Materials Science and Engineering (4 Years, Bachelor of Technology) KERALA",15,0,15
National Institute of Technology Calicut,"Materials Science and Engineering (4 Years, Bachelor of Technology) Other than KERALA",15,0,15
National Institute of Technology Calicut,"Mechanical Engineering (4 Years, Bachelor of Technology) KERALA",86,16,102
National Institute of Technology Calicut,"Mechanical Engineering (4 Years, Bachelor of Technology) Other than KERALA",86,17,103
National Institute of Technology Calicut,"Electrical and Electronics Engineering (4 Years, Bachelor of Technology) KERALA",86,0,86
National Institute of Technology Calicut,"Electrical and Electronics Engineering (4 Years, Bachelor of Technology) Other than KERALA",86,0,86
National Institute of Technology Calicut,"Production Engineering (4 Years, Bachelor of Technology) KERALA",29,0,29
National Institute of Technology Calicut,"Production Engineering (4 Years, Bachelor of Technology) Other than KERALA",30,0,30
National Institute of Technology Calicut,"Energy Engineering (4 Years, Bachelor of Technology) KERALA",20,0,20
National Institute of Technology Calicut,"Energy Engineering (4 Years, Bachelor of Technology) Other than KERALA",20,0,20
National Institute of Technology Calicut,"Architecture (5 Years, Bachelor of Architecture) KERALA",30,0,30
National Institute of Technology Calicut,"Architecture (5 Years, Bachelor of Architecture) Other than KERALA",29,0,29
National Institute of Technology Delhi,"Aerospace Engineering (4 Years, Bachelor of Technology) DELHI (NCT) CHANDIGARH (UT)",12,0,12
National Institute of Technology Delhi,"Aerospace Engineering (4 Years, Bachelor of Technology) Other than DELHI (NCT) CHANDIGARH (UT)",12,0,12
National Institute of Technology Delhi,"Civil Engineering (4 Years, Bachelor of Technology) DELHI (NCT) CHANDIGARH (UT)",13,0,13
National Institute of Technology Delhi,"Civil Engineering (4 Years, Bachelor of Technology) Other than DELHI (NCT) CHANDIGARH (UT)",12,0,12
National Institute of Technology Delhi,"Computer Science and Engineering (4 Years, Bachelor of Technology) DELHI (NCT) CHANDIGARH (UT)",60,0,60
National Institute of Technology Delhi,"Computer Science and Engineering (4 Years, Bachelor of Technology) Other than DELHI (NCT) CHANDIGARH (UT)",60,0,60
National Institute of Technology Delhi,"Electrical Engineering (4 Years, Bachelor of Technology) DELHI (NCT) CHANDIGARH (UT)",30,0,30
National Institute of Technology Delhi,"Electrical Engineering (4 Years, Bachelor of Technology) Other than DELHI (NCT) CHANDIGARH (UT)",30,0,30
National Institute of Technology Delhi,"Electronics and Communication Engineering (4 Years, Bachelor of Technology) DELHI (NCT) CHANDIGARH (UT)",30,0,30
National Institute of Technology Delhi,"Electronics and Communication Engineering (4 Years, Bachelor of Technology) Other than DELHI (NCT) CHANDIGARH (UT)",30,0,30
National Institute of Technology Delhi,"VLSI Design and Technology (4 Years, Bachelor of Technology) DELHI (NCT) CHANDIGARH (UT)",13,0,13
National Institute of Technology Delhi,"VLSI Design and Technology (4 Years, Bachelor of Technology) Other than DELHI (NCT) CHANDIGARH (UT)",12,0,12
National Institute of Technology Delhi,"Mechanical Engineering (4 Years, Bachelor of Technology) DELHI (NCT) CHANDIGARH (UT)",20,0,20
National Institute of Technology Delhi,"Mechanical Engineering (4 Years, Bachelor of Technology) Other than DELHI (NCT) CHANDIGARH (UT)",20,0,20
National Institute of Technology Delhi,"Artificial Intelligence and Data Science (4 Years, Bachelor of Technology) DELHI (NCT) CHANDIGARH (UT)",10,0,10
National Institute of Technology Delhi,"Artificial Intelligence and Data Science (4 Years, Bachelor of Technology) Other than DELHI (NCT) CHANDIGARH (UT)",10,0,10
National Institute of Technology Durgapur,"Bio Technology (4 Years, Bachelor of Technology) WEST BENGAL",38,0,38
National Institute of Technology Durgapur,"Bio Technology (4 Years, Bachelor of Technology) Other than WEST BENGAL",37,0,37
National Institute of Technology Durgapur,"Chemical Engineering (4 Years, Bachelor of Technology) WEST BENGAL",37,0,37
National Institute of Technology Durgapur,"Chemical Engineering (4 Years, Bachelor of Technology) Other than WEST BENGAL",38,0,38
National Institute of Technology Durgapur,"Civil Engineering (4 Years, Bachelor of Technology) WEST BENGAL",40,0,40
National Institute of Technology Durgapur,"Civil Engineering (4 Years, Bachelor of Technology) Other than WEST BENGAL",40,0,40
National Institute of Technology Durgapur,"Computer Science and Engineering (4 Years, Bachelor of Technology) WEST BENGAL",94,0,94
National Institute of Technology Durgapur,"Computer Science and Engineering (4 Years, Bachelor of Technology) Other than WEST BENGAL",93,0,93
National Institute of Technology Durgapur,"Electrical Engineering (4 Years, Bachelor of Technology) WEST BENGAL",50,0,50
National Institute of Technology Durgapur,"Electrical Engineering (4 Years, Bachelor of Technology) Other than WEST BENGAL",50,0,50
National Institute of Technology Durgapur,"Electronics and Communication Engineering (4 Years, Bachelor of Technology) WEST BENGAL",49,0,49
National Institute of Technology Durgapur,"Electronics and Communication Engineering (4 Years, Bachelor of Technology) Other than WEST BENGAL",48,0,48
National Institute of Technology Durgapur,"B.Tech in Mathematics and Computing (4 Years, Bachelor of Technology) WEST BENGAL",30,0,30
National Institute of Technology Durgapur,"B.Tech in Mathematics and Computing (4 Years, Bachelor of Technology) Other than WEST BENGAL",30,0,30
National Institute of Technology Durgapur,"Mechanical Engineering (4 Years, Bachelor of Technology) WEST BENGAL",94,0,94
National Institute of Technology Durgapur,"Mechanical Engineering (4 Years, Bachelor of Technology) Other than WEST BENGAL",93,0,93
National Institute of Technology Durgapur,"Metallurgical and Materials Engineering (4 Years, Bachelor of Technology) WEST BENGAL",37,0,37
National Institute of Technology Durgapur,"Metallurgical and Materials Engineering (4 Years, Bachelor of Technology) Other than WEST BENGAL",38,0,38
National Institute of Technology Durgapur,"Chemical Engineering (5 Years, Bachelor and Master of Technology (Dual Degree)) WEST BENGAL",4,0,4
National Institute of Technology Durgapur,"Chemical Engineering (5 Years, Bachelor and Master of Technology (Dual Degree)) Other than WEST BENGAL",3,0,3
National Institute of Technology Durgapur,"Biotechnology (5 Years, Bachelor and Master of Technology (Dual Degree)) WEST BENGAL",4,0,4
National Institute of Technology Durgapur,"Biotechnology (5 Years, Bachelor and Master of Technology (Dual Degree)) Other than WEST BENGAL",3,0,3
National Institute of Technology Durgapur,"Chemistry (5 Years, Integrated Master of Science) WEST BENGAL",9,0,9
National Institute of Technology Durgapur,"Chemistry (5 Years, Integrated Master of Science) Other than WEST BENGAL",10,0,10
National Institute of Technology Goa,"Civil Engineering (4 Years, Bachelor of Technology) GOA",14,0,14
National Institute of Technology Goa,"Civil Engineering (4 Years, Bachelor of Technology) DAMAN & DIU (UT) DADRA & NAGAR HAVELI (UT) LAKSHADWEEP (UT)",4,0,4
National Institute of Technology Goa,"Civil Engineering (4 Years, Bachelor of Technology) Other than GOA DAMAN & DIU (UT) DADRA & NAGAR HAVELI (UT) LAKSHADWEEP (UT)",19,0,19
National Institute of Technology Goa,"Computer Science and Engineering (4 Years, Bachelor of Technology) GOA",20,0,20
National Institute of Technology Goa,"Computer Science and Engineering (4 Years, Bachelor of Technology) DAMAN & DIU (UT) DADRA & NAGAR HAVELI (UT) LAKSHADWEEP (UT)",5,0,5
National Institute of Technology Goa,"Computer Science and Engineering (4 Years, Bachelor of Technology) Other than GOA DAMAN & DIU (UT) DADRA & NAGAR HAVELI (UT) LAKSHADWEEP (UT)",25,0,25
National Institute of Technology Goa,"Electronics and Communication Engineering (4 Years, Bachelor of Technology) GOA",20,0,20
National Institute of Technology Goa,"Electronics and Communication Engineering (4 Years, Bachelor of Technology) DAMAN & DIU (UT) DADRA & NAGAR HAVELI (UT) LAKSHADWEEP (UT)",5,0,5
National Institute of Technology Goa,"Electronics and Communication Engineering (4 Years, Bachelor of Technology) Other than GOA DAMAN & DIU (UT) DADRA & NAGAR HAVELI (UT) LAKSHADWEEP (UT)",25,0,25
National Institute of Technology Goa,"Mechanical Engineering (4 Years, Bachelor of Technology) GOA",15,0,15
National Institute of Technology Goa,"Mechanical Engineering (4 Years, Bachelor of Technology) DAMAN & DIU (UT) DADRA & NAGAR HAVELI (UT) LAKSHADWEEP (UT)",4,0,4
National Institute of Technology Goa,"Mechanical Engineering (4 Years, Bachelor of Technology) Other than GOA DAMAN & DIU (UT) DADRA & NAGAR HAVELI (UT) LAKSHADWEEP (UT)",18,0,18
National Institute of Technology Goa,"Electrical and Electronics Engineering (4 Years, Bachelor of Technology) GOA",20,0,20
National Institute of Technology Goa,"Electrical and Electronics Engineering (4 Years, Bachelor of Technology) DAMAN & DIU (UT) DADRA & NAGAR HAVELI (UT) LAKSHADWEEP (UT)",5,0,5
National Institute of Technology Goa,"Electrical and Electronics Engineering (4 Years, Bachelor of Technology) Other than GOA DAMAN & DIU (UT) DADRA & NAGAR HAVELI (UT) LAKSHADWEEP (UT)",25,0,25
National Institute of Technology Hamirpur,"Chemical Engineering (4 Years, Bachelor of Technology) HIMACHAL PRADESH",38,0,38
National Institute of Technology Hamirpur,"Chemical Engineering (4 Years, Bachelor of Technology) Other than HIMACHAL PRADESH",38,0,38
National Institute of Technology Hamirpur,"Civil Engineering (4 Years, Bachelor of Technology) HIMACHAL PRADESH",61,0,61
National Institute of Technology Hamirpur,"Civil Engineering (4 Years, Bachelor of Technology) Other than HIMACHAL PRADESH",62,0,62
National Institute of Technology Hamirpur,"Computer Science and Engineering (4 Years, Bachelor of Technology) HIMACHAL PRADESH",62,0,62
National Institute of Technology Hamirpur,"Computer Science and Engineering (4 Years, Bachelor of Technology) Other than HIMACHAL PRADESH",62,0,62
National Institute of Technology Hamirpur,"Electrical Engineering (4 Years, Bachelor of Technology) HIMACHAL PRADESH",63,0,63
National Institute of Technology Hamirpur,"Electrical Engineering (4 Years, Bachelor of Technology) Other than HIMACHAL PRADESH",62,0,62
National Institute of Technology Hamirpur,"Electronics and Communication Engineering (4 Years, Bachelor of Technology) HIMACHAL PRADESH",58,0,58
National Institute of Technology Hamirpur,"Electronics and Communication Engineering (4 Years, Bachelor of Technology) Other than HIMACHAL PRADESH",59,0,59
National Institute of Technology Hamirpur,"Engineering Physics (4 Years, Bachelor of Technology) HIMACHAL PRADESH",25,0,25
National Institute of Technology Hamirpur,"Engineering Physics (4 Years, Bachelor of Technology) Other than HIMACHAL PRADESH",25,0,25
National Institute of Technology Hamirpur,"Materials Science and Engineering (4 Years, Bachelor of Technology) HIMACHAL PRADESH",20,0,20
National Institute of Technology Hamirpur,"Materials Science and Engineering (4 Years, Bachelor of Technology) Other than HIMACHAL PRADESH",20,0,20
National Institute of Technology Hamirpur,"Mathematics and Computing (4 Years, Bachelor of Technology) HIMACHAL PRADESH",25,0,25
National Institute of Technology Hamirpur,"Mathematics and Computing (4 Years, Bachelor of Technology) Other than HIMACHAL PRADESH",25,0,25
National Institute of Technology Hamirpur,"Mechanical Engineering (4 Years, Bachelor of Technology) HIMACHAL PRADESH",63,0,63
National Institute of Technology Hamirpur,"Mechanical Engineering (4 Years, Bachelor of Technology) Other than HIMACHAL PRADESH",62,0,62
National Institute of Technology Hamirpur,"Architecture (5 Years, Bachelor of Architecture) HIMACHAL PRADESH",29,0,29
National Institute of Technology Hamirpur,"Architecture (5 Years, Bachelor of Architecture) Other than HIMACHAL PRADESH",29,0,29
National Institute of Technology Hamirpur,"Computer Science and Engineering (5 Years, Bachelor and Master of Technology (Dual Degree)) HIMACHAL PRADESH",14,0,14
National Institute of Technology Hamirpur,"Computer Science and Engineering (5 Years, Bachelor and Master of Technology (Dual Degree)) Other than HIMACHAL PRADESH",14,0,14
National Institute of Technology Hamirpur,"Electronics and Communication Engineering (5 Years, Bachelor and Master of Technology (Dual Degree)) HIMACHAL PRADESH",14,0,14
National Institute of Technology Hamirpur,"Electronics and Communication Engineering (5 Years, Bachelor and Master of Technology (Dual Degree)) Other than HIMACHAL PRADESH",14,0,14
"National Institute of Technology Karnataka, Surathkal","Chemical Engineering (4 Years, Bachelor of Technology) KARNATAKA",29,2,31
"National Institute of Technology Karnataka, Surathkal","Chemical Engineering (4 Years, Bachelor of Technology) Other than KARNATAKA",29,1,30
"National Institute of Technology Karnataka, Surathkal","Civil Engineering (4 Years, Bachelor of Technology) KARNATAKA",58,0,58
"National Institute of Technology Karnataka, Surathkal","Civil Engineering (4 Years, Bachelor of Technology) Other than KARNATAKA",57,0,57
"National Institute of Technology Karnataka, Surathkal","Computational and Data Science (4 Years, Bachelor of Technology) KARNATAKA",15,0,15
"National Institute of Technology Karnataka, Surathkal","Computational and Data Science (4 Years, Bachelor of Technology) Other than KARNATAKA",15,0,15
"National Institute of Technology Karnataka, Surathkal","Computer Science and Engineering (4 Years, Bachelor of Technology) KARNATAKA",57,0,57
"National Institute of Technology Karnataka, Surathkal","Computer Science and Engineering (4 Years, Bachelor of Technology) Other than KARNATAKA",58,0,58
"National Institute of Technology Karnataka, Surathkal","Electronics and Communication Engineering (4 Years, Bachelor of Technology) KARNATAKA",58,0,58
"National Institute of Technology Karnataka, Surathkal","Electronics and Communication Engineering (4 Years, Bachelor of Technology) Other than KARNATAKA",58,0,58
"National Institute of Technology Karnataka, Surathkal","Mechanical Engineering (4 Years, Bachelor of Technology) KARNATAKA",87,0,87
"National Institute of Technology Karnataka, Surathkal","Mechanical Engineering (4 Years, Bachelor of Technology) Other than KARNATAKA",87,1,88
"National Institute of Technology Karnataka, Surathkal","Metallurgical and Materials Engineering (4 Years, Bachelor of Technology) KARNATAKA",29,0,29
"National Institute of Technology Karnataka, Surathkal","Metallurgical and Materials Engineering (4 Years, Bachelor of Technology) Other than KARNATAKA",29,0,29
"National Institute of Technology Karnataka, Surathkal","Mining Engineering (4 Years, Bachelor of Technology) KARNATAKA",29,1,30
"National Institute of Technology Karnataka, Surathkal","Mining Engineering (4 Years, Bachelor of Technology) Other than KARNATAKA",29,0,29
"National Institute of Technology Karnataka, Surathkal","Electrical and Electronics Engineering (4 Years, Bachelor of Technology) KARNATAKA",58,0,58
"National Institute of Technology Karnataka, Surathkal","Electrical and Electronics Engineering (4 Years, Bachelor of Technology) Other than KARNATAKA",58,0,58
"National Institute of Technology Karnataka, Surathkal","Information Technology (4 Years, Bachelor of Technology) KARNATAKA",38,0,38
"National Institute of Technology Karnataka, Surathkal","Information Technology (4 Years, Bachelor of Technology) Other than KARNATAKA",38,0,38
"National Institute of Technology Karnataka, Surathkal","Artificial Intelligence (4 Years, Bachelor of Technology) KARNATAKA",20,0,20
"National Institute of Technology Karnataka, Surathkal","Artificial Intelligence (4 Years, Bachelor of Technology) Other than KARNATAKA",20,0,20
National Institute of Technology Meghalaya,"Civil Engineering (4 Years, Bachelor of Technology) MEGHALAYA",17,0,17
National Institute of Technology Meghalaya,"Civil Engineering (4 Years, Bachelor of Technology) Other than MEGHALAYA",16,0,16
National Institute of Technology Meghalaya,"Computer Science and Engineering (4 Years, Bachelor of Technology) MEGHALAYA",16,0,16
National Institute of Technology Meghalaya,"Computer Science and Engineering (4 Years, Bachelor of Technology) Other than MEGHALAYA",17,0,17
National Institute of Technology Meghalaya,"Electronics and Communication Engineering (4 Years, Bachelor of Technology) MEGHALAYA",16,0,16
National Institute of Technology Meghalaya,"Electronics and Communication Engineering (4 Years, Bachelor of Technology) Other than MEGHALAYA",17,0,17
National Institute of Technology Meghalaya,"Mechanical Engineering (4 Years, Bachelor of Technology) MEGHALAYA",17,0,17
National Institute of Technology Meghalaya,"Mechanical Engineering (4 Years, Bachelor of Technology) Other than MEGHALAYA",16,0,16
National Institute of Technology Meghalaya,"Electrical and Electronics Engineering (4 Years, Bachelor of Technology) MEGHALAYA",16,0,16
National Institute of Technology Meghalaya,"Electrical and Electronics Engineering (4 Years, Bachelor of Technology) Other than MEGHALAYA",17,0,17
National Institute of Technology Nagaland,"Civil Engineering (4 Years, Bachelor of Technology) NAGALAND",15,0,15
National Institute of Technology Nagaland,"Civil Engineering (4 Years, Bachelor of Technology) Other than NAGALAND",18,0,18
National Institute of Technology Nagaland,"Computer Science and Engineering (4 Years, Bachelor of Technology) NAGALAND",15,0,15
National Institute of Technology Nagaland,"Computer Science and Engineering (4 Years, Bachelor of Technology) Other than NAGALAND",18,1,19
National Institute of Technology Nagaland,"Electronics and Communication Engineering (4 Years, Bachelor of Technology) NAGALAND",15,0,15
National Institute of Technology Nagaland,"Electronics and Communication Engineering (4 Years, Bachelor of Technology) Other than NAGALAND",18,1,19
National Institute of Technology Nagaland,"Mechanical Engineering (4 Years, Bachelor of Technology) NAGALAND",15,0,15
National Institute of Technology Nagaland,"Mechanical Engineering (4 Years, Bachelor of Technology) Other than NAGALAND",18,0,18
National Institute of Technology Nagaland,"Electronics and Instrumentation Engineering (4 Years, Bachelor of Technology) NAGALAND",15,0,15
National Institute of Technology Nagaland,"Electronics and Instrumentation Engineering (4 Years, Bachelor of Technology) Other than NAGALAND",18,1,19
National Institute of Technology Nagaland,"Electrical and Electronics Engineering (4 Years, Bachelor of Technology) NAGALAND",15,0,15
National Institute of Technology Nagaland,"Electrical and Electronics Engineering (4 Years, Bachelor of Technology) Other than NAGALAND",18,0,18
National Institute of Technology Patna,"Civil Engineering (4 Years, Bachelor of Technology) BIHAR",58,0,58
National Institute of Technology Patna,"Civil Engineering (4 Years, Bachelor of Technology) Other than BIHAR",58,0,58
National Institute of Technology Patna,"Computer Science and Engineering (4 Years, Bachelor of Technology) BIHAR",75,0,75
National Institute of Technology Patna,"Computer Science and Engineering (4 Years, Bachelor of Technology) Other than BIHAR",75,0,75
National Institute of Technology Patna,"Electrical Engineering (4 Years, Bachelor of Technology) BIHAR",58,0,58
National Institute of Technology Patna,"Electrical Engineering (4 Years, Bachelor of Technology) Other than BIHAR",58,0,58
National Institute of Technology Patna,"Electronics and Communication Engineering (4 Years, Bachelor of Technology) BIHAR",50,0,50
National Institute of Technology Patna,"Electronics and Communication Engineering (4 Years, Bachelor of Technology) Other than BIHAR",50,0,50
National Institute of Technology Patna,"Mechatronics and Automation Engineering (4 Years, Bachelor of Technology) BIHAR",13,0,13
National Institute of Technology Patna,"Mechatronics and Automation Engineering (4 Years, Bachelor of Technology) Other than BIHAR",13,0,13
National Institute of Technology Patna,"Electronics Engineering (VLSI Design and Technology) (4 Years, Bachelor of Technology) BIHAR",40,0,40
National Institute of Technology Patna,"Electronics Engineering (VLSI Design and Technology) (4 Years, Bachelor of Technology) Other than BIHAR",40,0,40
National Institute of Technology Patna,"Mechanical Engineering (4 Years, Bachelor of Technology) BIHAR",58,1,59
National Institute of Technology Patna,"Mechanical Engineering (4 Years, Bachelor of Technology) Other than BIHAR",58,0,58
National Institute of Technology Patna,"Artificial Intelligence and Data Science (4 Years, Bachelor of Technology) BIHAR",38,0,38
National Institute of Technology Patna,"Artificial Intelligence and Data Science (4 Years, Bachelor of Technology) Other than BIHAR",37,0,37
National Institute of Technology Patna,"Architecture (5 Years, Bachelor of Architecture) BIHAR",20,0,20
National Institute of Technology Patna,"Architecture (5 Years, Bachelor of Architecture) Other than BIHAR",20,0,20
National Institute of Technology Patna,"Computer Science and Engineering with Specialization in Data Science (5 Years, Bachelor and Master of Technology (Dual Degree)) BIHAR",12,0,12
National Institute of Technology Patna,"Computer Science and Engineering with Specialization in Data Science (5 Years, Bachelor and Master of Technology (Dual Degree)) Other than BIHAR",11,0,11
National Institute of Technology Patna,"Computer Science and Engineering with Specialization in Cyber Security (5 Years, Bachelor and Master of Technology (Dual Degree)) BIHAR",11,0,11
National Institute of Technology Patna,"Computer Science and Engineering with Specialization in Cyber Security (5 Years, Bachelor and Master of Technology (Dual Degree)) Other than BIHAR",11,0,11
National Institute of Technology Patna,"Electronics and Communication Engineering with Specialization in Microelectronics and VLSI System Design (5 Years, Bachelor and Master of Technology (Dual Degree)) BIHAR",11,0,11
National Institute of Technology Patna,"Electronics and Communication Engineering with Specialization in Microelectronics and VLSI System Design (5 Years, Bachelor and Master of Technology (Dual Degree)) Other than BIHAR",11,0,11
National Institute of Technology Patna,"Electrical Engineering with Specialization In Power System Engineering (5 Years, Bachelor and Master of Technology (Dual Degree)) BIHAR",12,0,12
National Institute of Technology Patna,"Electrical Engineering with Specialization In Power System Engineering (5 Years, Bachelor and Master of Technology (Dual Degree)) Other than BIHAR",11,0,11
National Institute of Technology Patna,"Mechanical Engineering with Specialization in Manufacturing and Industrial Engineering (5 Years, Bachelor and Master of Technology (Dual Degree)) BIHAR",12,0,12
National Institute of Technology Patna,"Mechanical Engineering with Specialization in Manufacturing and Industrial Engineering (5 Years, Bachelor and Master of Technology (Dual Degree)) Other than BIHAR",11,0,11
National Institute of Technology Patna,"Civil Engineering with Specialization in Construction Technology and Management (5 Years, Bachelor and Master of Technology (Dual Degree)) BIHAR",6,0,6
National Institute of Technology Patna,"Civil Engineering with Specialization in Construction Technology and Management (5 Years, Bachelor and Master of Technology (Dual Degree)) Other than BIHAR",6,0,6
National Institute of Technology Patna,"Material Science and Engineering (5 Years, Bachelor and Master of Technology (Dual Degree)) BIHAR",6,0,6
National Institute of Technology Patna,"Material Science and Engineering (5 Years, Bachelor and Master of Technology (Dual Degree)) Other than BIHAR",6,0,6
National Institute of Technology Patna,"Mathematics and Computing Technology (5 Years, Bachelor and Master of Technology (Dual Degree)) BIHAR",6,0,6
National Institute of Technology Patna,"Mathematics and Computing Technology (5 Years, Bachelor and Master of Technology (Dual Degree)) Other than BIHAR",6,0,6
National Institute of Technology Patna,"Chemical Technology (5 Years, Bachelor and Master of Technology (Dual Degree)) BIHAR",6,0,6
National Institute of Technology Patna,"Chemical Technology (5 Years, Bachelor and Master of Technology (Dual Degree)) Other than BIHAR",6,0,6
National Institute of Technology Puducherry,"Civil Engineering (4 Years, Bachelor of Technology) PUDUCHERRY (UT) ANDAMAN & NICOBAR ISLANDS (UT)",23,0,23
National Institute of Technology Puducherry,"Civil Engineering (4 Years, Bachelor of Technology) Other than PUDUCHERRY (UT) ANDAMAN & NICOBAR ISLANDS (UT)",22,0,22
National Institute of Technology Puducherry,"Computer Science and Engineering (4 Years, Bachelor of Technology) PUDUCHERRY (UT) ANDAMAN & NICOBAR ISLANDS (UT)",30,0,30
National Institute of Technology Puducherry,"Computer Science and Engineering (4 Years, Bachelor of Technology) Other than PUDUCHERRY (UT) ANDAMAN & NICOBAR ISLANDS (UT)",30,0,30
National Institute of Technology Puducherry,"Electronics and Communication Engineering (4 Years, Bachelor of Technology) PUDUCHERRY (UT) ANDAMAN & NICOBAR ISLANDS (UT)",30,0,30
National Institute of Technology Puducherry,"Electronics and Communication Engineering (4 Years, Bachelor of Technology) Other than PUDUCHERRY (UT) ANDAMAN & NICOBAR ISLANDS (UT)",30,0,30
National Institute of Technology Puducherry,"Mechanical Engineering (4 Years, Bachelor of Technology) PUDUCHERRY (UT) ANDAMAN & NICOBAR ISLANDS (UT)",25,0,25
National Institute of Technology Puducherry,"Mechanical Engineering (4 Years, Bachelor of Technology) Other than PUDUCHERRY (UT) ANDAMAN & NICOBAR ISLANDS (UT)",25,0,25
National Institute of Technology Puducherry,"Electrical and Electronics Engineering (4 Years, Bachelor of Technology) PUDUCHERRY (UT) ANDAMAN & NICOBAR ISLANDS (UT)",30,0,30
National Institute of Technology Puducherry,"Electrical and Electronics Engineering (4 Years, Bachelor of Technology) Other than PUDUCHERRY (UT) ANDAMAN & NICOBAR ISLANDS (UT)",30,0,30
National Institute of Technology Raipur,"Bio Technology (4 Years, Bachelor of Technology) CHHATTISGARH",40,0,40
National Institute of Technology Raipur,"Bio Technology (4 Years, Bachelor of Technology) Other than CHHATTISGARH",39,0,39
National Institute of Technology Raipur,"Chemical Engineering (4 Years, Bachelor of Technology) CHHATTISGARH",39,0,39
National Institute of Technology Raipur,"Chemical Engineering (4 Years, Bachelor of Technology) Other than CHHATTISGARH",40,0,40
National Institute of Technology Raipur,"Civil Engineering (4 Years, Bachelor of Technology) CHHATTISGARH",49,0,49
National Institute of Technology Raipur,"Civil Engineering (4 Years, Bachelor of Technology) Other than CHHATTISGARH",48,0,48
National Institute of Technology Raipur,"Computer Science and Engineering (4 Years, Bachelor of Technology) CHHATTISGARH",57,0,57
National Institute of Technology Raipur,"Computer Science and Engineering (4 Years, Bachelor of Technology) Other than CHHATTISGARH",57,0,57
National Institute of Technology Raipur,"Electrical Engineering (4 Years, Bachelor of Technology) CHHATTISGARH",57,0,57
National Institute of Technology Raipur,"Electrical Engineering (4 Years, Bachelor of Technology) Other than CHHATTISGARH",58,0,58
National Institute of Technology Raipur,"Electronics and Communication Engineering (4 Years, Bachelor of Technology) CHHATTISGARH",57,0,57
National Institute of Technology Raipur,"Electronics and Communication Engineering (4 Years, Bachelor of Technology) Other than CHHATTISGARH",57,0,57
National Institute of Technology Raipur,"Mechanical Engineering (4 Years, Bachelor of Technology) CHHATTISGARH",58,0,58
National Institute of Technology Raipur,"Mechanical Engineering (4 Years, Bachelor of Technology) Other than CHHATTISGARH",57,0,57
National Institute of Technology Raipur,"Metallurgical and Materials Engineering (4 Years, Bachelor of Technology) CHHATTISGARH",58,0,58
National Institute of Technology Raipur,"Metallurgical and Materials Engineering (4 Years, Bachelor of Technology) Other than CHHATTISGARH",57,0,57
National Institute of Technology Raipur,"Mining Engineering (4 Years, Bachelor of Technology) CHHATTISGARH",48,0,48
National Institute of Technology Raipur,"Mining Engineering (4 Years, Bachelor of Technology) Other than CHHATTISGARH",49,0,49
National Institute of Technology Raipur,"Information Technology (4 Years, Bachelor of Technology) CHHATTISGARH",57,0,57
National Institute of Technology Raipur,"Information Technology (4 Years, Bachelor of Technology) Other than CHHATTISGARH",57,0,57
National Institute of Technology Raipur,"Bio Medical Engineering (4 Years, Bachelor of Technology) CHHATTISGARH",39,1,40
National Institute of Technology Raipur,"Bio Medical Engineering (4 Years, Bachelor of Technology) Other than CHHATTISGARH",40,0,40
National Institute of Technology Raipur,"Architecture (5 Years, Bachelor of Architecture) CHHATTISGARH",20,0,20
National Institute of Technology Raipur,"Architecture (5 Years, Bachelor of Architecture) Other than CHHATTISGARH",20,0,20
National Institute of Technology Sikkim,"Civil Engineering (4 Years, Bachelor of Technology) SIKKIM",15,0,15
National Institute of Technology Sikkim,"Civil Engineering (4 Years, Bachelor of Technology) Other than SIKKIM",15,0,15
National Institute of Technology Sikkim,"Artificial Intelligence and Machine Learning (4 Years, Bachelor of Technology) SIKKIM",15,0,15
National Institute of Technology Sikkim,"Artificial Intelligence and Machine Learning (4 Years, Bachelor of Technology) Other than SIKKIM",15,0,15
National Institute of Technology Sikkim,"Computer Science and Engineering (4 Years, Bachelor of Technology) SIKKIM",20,0,20
National Institute of Technology Sikkim,"Computer Science and Engineering (4 Years, Bachelor of Technology) Other than SIKKIM",20,0,20
National Institute of Technology Sikkim,"Electronics and Communication Engineering (4 Years, Bachelor of Technology) SIKKIM",15,0,15
National Institute of Technology Sikkim,"Electronics and Communication Engineering (4 Years, Bachelor of Technology) Other than SIKKIM",15,0,15
National Institute of Technology Sikkim,"Mechanical Engineering (4 Years, Bachelor of Technology) SIKKIM",15,0,15
National Institute of Technology Sikkim,"Mechanical Engineering (4 Years, Bachelor of Technology) Other than SIKKIM",15,0,15
National Institute of Technology Sikkim,"Electrical and Electronics Engineering (4 Years, Bachelor of Technology) SIKKIM",15,0,15
National Institute of Technology Sikkim,"Electrical and Electronics Engineering (4 Years, Bachelor of Technology) Other than SIKKIM",15,0,15
National Institute of Technology Arunachal Pradesh,"Civil Engineering (4 Years, Bachelor of Technology) ARUNACHAL PRADESH",21,0,21
National Institute of Technology Arunachal Pradesh,"Civil Engineering (4 Years, Bachelor of Technology) Other than ARUNACHAL PRADESH",21,0,21
National Institute of Technology Arunachal Pradesh,"Computer Science and Engineering (4 Years, Bachelor of Technology) ARUNACHAL PRADESH",21,0,21
National Institute of Technology Arunachal Pradesh,"Computer Science and Engineering (4 Years, Bachelor of Technology) Other than ARUNACHAL PRADESH",21,0,21
National Institute of Technology Arunachal Pradesh,"Electrical Engineering (4 Years, Bachelor of Technology) ARUNACHAL PRADESH",21,0,21
National Institute of Technology Arunachal Pradesh,"Electrical Engineering (4 Years, Bachelor of Technology) Other than ARUNACHAL PRADESH",21,0,21
National Institute of Technology Arunachal Pradesh,"Electronics and Communication Engineering (4 Years, Bachelor of Technology) ARUNACHAL PRADESH",21,0,21
National Institute of Technology Arunachal Pradesh,"Electronics and Communication Engineering (4 Years, Bachelor of Technology) Other than ARUNACHAL PRADESH",21,0,21
National Institute of Technology Arunachal Pradesh,"Mechanical Engineering (4 Years, Bachelor of Technology) ARUNACHAL PRADESH",21,0,21
National Institute of Technology Arunachal Pradesh,"Mechanical Engineering (4 Years, Bachelor of Technology) Other than ARUNACHAL PRADESH",21,0,21
National Institute of Technology Arunachal Pradesh,"Biosciences and Bioengineering (4 Years, Bachelor of Technology) ARUNACHAL PRADESH",10,0,10
National Institute of Technology Arunachal Pradesh,"Biosciences and Bioengineering (4 Years, Bachelor of Technology) Other than ARUNACHAL PRADESH",10,0,10
"National Institute of Technology, Jamshedpur","Civil Engineering (4 Years, Bachelor of Technology) JHARKHAND",50,0,50
"National Institute of Technology, Jamshedpur","Civil Engineering (4 Years, Bachelor of Technology) Other than JHARKHAND",49,0,49
"National Institute of Technology, Jamshedpur","Computer Science and Engineering (4 Years, Bachelor of Technology) JHARKHAND",58,0,58
"National Institute of Technology, Jamshedpur","Computer Science and Engineering (4 Years, Bachelor of Technology) Other than JHARKHAND",58,0,58
"National Institute of Technology, Jamshedpur","Electrical Engineering (4 Years, Bachelor of Technology) JHARKHAND",57,0,57
"National Institute of Technology, Jamshedpur","Electrical Engineering (4 Years, Bachelor of Technology) Other than JHARKHAND",57,0,57
"National Institute of Technology, Jamshedpur","Electronics and Communication Engineering (4 Years, Bachelor of Technology) JHARKHAND",58,0,58
"National Institute of Technology, Jamshedpur","Electronics and Communication Engineering (4 Years, Bachelor of Technology) Other than JHARKHAND",58,0,58
"National Institute of Technology, Jamshedpur","Mechanical Engineering (4 Years, Bachelor of Technology) JHARKHAND",58,0,58
"National Institute of Technology, Jamshedpur","Mechanical Engineering (4 Years, Bachelor of Technology) Other than JHARKHAND",57,0,57
"National Institute of Technology, Jamshedpur","Metallurgical and Materials Engineering (4 Years, Bachelor of Technology) JHARKHAND",49,0,49
"National Institute of Technology, Jamshedpur","Metallurgical and Materials Engineering (4 Years, Bachelor of Technology) Other than JHARKHAND",50,0,50
"National Institute of Technology, Jamshedpur","Production and Industrial Engineering (4 Years, Bachelor of Technology) JHARKHAND",31,0,31
"National Institute of Technology, Jamshedpur","Production and Industrial Engineering (4 Years, Bachelor of Technology) Other than JHARKHAND",31,0,31
"National Institute of Technology, Jamshedpur","Engineering and Computational Mechanics (4 Years, Bachelor of Technology) JHARKHAND",15,0,15
"National Institute of Technology, Jamshedpur","Engineering and Computational Mechanics (4 Years, Bachelor of Technology) Other than JHARKHAND",15,0,15
"National Institute of Technology, Kurukshetra","Civil Engineering (4 Years, Bachelor of Technology) HARYANA",54,0,54
"National Institute of Technology, Kurukshetra","Civil Engineering (4 Years, Bachelor of Technology) Other than HARYANA",54,0,54
"National Institute of Technology, Kurukshetra","Artificial Intelligence and Machine Learning (4 Years, Bachelor of Technology) HARYANA",30,0,30
"National Institute of Technology, Kurukshetra","Artificial Intelligence and Machine Learning (4 Years, Bachelor of Technology) Other than HARYANA",30,0,30
"National Institute of Technology, Kurukshetra","Computer Science and Engineering (4 Years, Bachelor of Technology) HARYANA",54,0,54
"National Institute of Technology, Kurukshetra","Computer Science and Engineering (4 Years, Bachelor of Technology) Other than HARYANA",54,0,54
"National Institute of Technology, Kurukshetra","Electrical Engineering (4 Years, Bachelor of Technology) HARYANA",54,0,54
"National Institute of Technology, Kurukshetra","Electrical Engineering (4 Years, Bachelor of Technology) Other than HARYANA",54,0,54
"National Institute of Technology, Kurukshetra","Electronics and Communication Engineering (4 Years, Bachelor of Technology) HARYANA",54,0,54
"National Institute of Technology, Kurukshetra","Electronics and Communication Engineering (4 Years, Bachelor of Technology) Other than HARYANA",54,0,54
"National Institute of Technology, Kurukshetra","Industrial Internet of Things (4 Years, Bachelor of Technology) HARYANA",30,0,30
"National Institute of Technology, Kurukshetra","Industrial Internet of Things (4 Years, Bachelor of Technology) Other than HARYANA",30,0,30
"National Institute of Technology, Kurukshetra","Mathematics and Computing (4 Years, Bachelor of Technology) HARYANA",29,0,29
"National Institute of Technology, Kurukshetra","Mathematics and Computing (4 Years, Bachelor of Technology) Other than HARYANA",28,0,28
"National Institute of Technology, Kurukshetra","Mechanical Engineering (4 Years, Bachelor of Technology) HARYANA",54,0,54
"National Institute of Technology, Kurukshetra","Mechanical Engineering (4 Years, Bachelor of Technology) Other than HARYANA",54,0,54
"National Institute of Technology, Kurukshetra","ROBOTICS & AUTOMATION (4 Years, Bachelor of Technology) HARYANA",25,0,25
"National Institute of Technology, Kurukshetra","ROBOTICS & AUTOMATION (4 Years, Bachelor of Technology) Other than HARYANA",25,0,25
"National Institute of Technology, Kurukshetra","Microelectronics & VLSI Engineering (4 Years, Bachelor of Technology) HARYANA",30,0,30
"National Institute of Technology, Kurukshetra","Microelectronics & VLSI Engineering (4 Years, Bachelor of Technology) Other than HARYANA",30,0,30
"National Institute of Technology, Kurukshetra","SUSTAINABLE ENERGY TECHNOLOGIES (4 Years, Bachelor of Technology) HARYANA",30,0,30
"National Institute of Technology, Kurukshetra","SUSTAINABLE ENERGY TECHNOLOGIES (4 Years, Bachelor of Technology) Other than HARYANA",30,0,30
"National Institute of Technology, Kurukshetra","Production and Industrial Engineering (4 Years, Bachelor of Technology) HARYANA",20,0,20
"National Institute of Technology, Kurukshetra","Production and Industrial Engineering (4 Years, Bachelor of Technology) Other than HARYANA",20,0,20
"National Institute of Technology, Kurukshetra","Information Technology (4 Years, Bachelor of Technology) HARYANA",30,0,30
"National Institute of Technology, Kurukshetra","Information Technology (4 Years, Bachelor of Technology) Other than HARYANA",30,0,30
"National Institute of Technology, Kurukshetra","Artificial Intelligence and Data Science (4 Years, Bachelor of Technology) HARYANA",30,0,30
"National Institute of Technology, Kurukshetra","Artificial Intelligence and Data Science (4 Years, Bachelor of Technology) Other than HARYANA",30,0,30
"National Institute of Technology, Kurukshetra","Architecture (5 Years, Bachelor of Architecture) HARYANA",20,0,20
"National Institute of Technology, Kurukshetra","Architecture (5 Years, Bachelor of Architecture) Other than HARYANA",20,0,20
"National Institute of Technology, Kurukshetra","Civil Engineering (5 Years, Bachelor and Master of Technology (Dual Degree)) HARYANA",6,0,6
"National Institute of Technology, Kurukshetra","Civil Engineering (5 Years, Bachelor and Master of Technology (Dual Degree)) Other than HARYANA",6,0,6
"National Institute of Technology, Kurukshetra","Computer Science and Engineering (5 Years, Bachelor and Master of Technology (Dual Degree)) HARYANA",6,0,6
"National Institute of Technology, Kurukshetra","Computer Science and Engineering (5 Years, Bachelor and Master of Technology (Dual Degree)) Other than HARYANA",6,0,6
"National Institute of Technology, Kurukshetra","Electrical Engineering (5 Years, Bachelor and Master of Technology (Dual Degree)) HARYANA",6,0,6
"National Institute of Technology, Kurukshetra","Electrical Engineering (5 Years, Bachelor and Master of Technology (Dual Degree)) Other than HARYANA",6,0,6
"National Institute of Technology, Kurukshetra","Mechanical Engineering (5 Years, Bachelor and Master of Technology (Dual Degree)) HARYANA",6,0,6
"National Institute of Technology, Kurukshetra","Mechanical Engineering (5 Years, Bachelor and Master of Technology (Dual Degree)) Other than HARYANA",6,0,6
"National Institute of Technology, Kurukshetra","Electronics and Communication Engineering (5 Years, Bachelor and Master of Technology (Dual Degree)) HARYANA",6,0,6
"National Institute of Technology, Kurukshetra","Electronics and Communication Engineering (5 Years, Bachelor and Master of Technology (Dual Degree)) Other than HARYANA",6,0,6
"National Institute of Technology, Manipur","Civil Engineering (4 Years, Bachelor of Technology) MANIPUR",19,0,19
"National Institute of Technology, Manipur","Civil Engineering (4 Years, Bachelor of Technology) Other than MANIPUR",19,0,19
"National Institute of Technology, Manipur","Computer Science and Engineering (4 Years, Bachelor of Technology) MANIPUR",37,0,37
"National Institute of Technology, Manipur","Computer Science and Engineering (4 Years, Bachelor of Technology) Other than MANIPUR",37,0,37
"National Institute of Technology, Manipur","Electrical Engineering (4 Years, Bachelor of Technology) MANIPUR",19,0,19
"National Institute of Technology, Manipur","Electrical Engineering (4 Years, Bachelor of Technology) Other than MANIPUR",19,0,19
"National Institute of Technology, Manipur","Electronics and Communication Engineering (4 Years, Bachelor of Technology) MANIPUR",19,0,19
"National Institute of Technology, Manipur","Electronics and Communication Engineering (4 Years, Bachelor of Technology) Other than MANIPUR",19,0,19
"National Institute of Technology, Manipur","Mechanical Engineering (4 Years, Bachelor of Technology) MANIPUR",19,0,19
"National Institute of Technology, Manipur","Mechanical Engineering (4 Years, Bachelor of Technology) Other than MANIPUR",19,0,19
"National Institute of Technology, Mizoram","Chemical Science and Technology (4 Years, Bachelor of Technology) MIZORAM",5,0,5
"National Institute of Technology, Mizoram","Chemical Science and Technology (4 Years, Bachelor of Technology) Other than MIZORAM",5,0,5
"National Institute of Technology, Mizoram","Civil Engineering (4 Years, Bachelor of Technology) MIZORAM",15,2,17
"National Institute of Technology, Mizoram","Civil Engineering (4 Years, Bachelor of Technology) Other than MIZORAM",16,1,17
"National Institute of Technology, Mizoram","Computer Science and Engineering (4 Years, Bachelor of Technology) MIZORAM",16,1,17
"National Institute of Technology, Mizoram","Computer Science and Engineering (4 Years, Bachelor of Technology) Other than MIZORAM",16,1,17
"National Institute of Technology, Mizoram","Electrical Engineering (4 Years, Bachelor of Technology) MIZORAM",15,2,17
"National Institute of Technology, Mizoram","Electrical Engineering (4 Years, Bachelor of Technology) Other than MIZORAM",16,1,17
"National Institute of Technology, Mizoram","Electronics and Communication Engineering (4 Years, Bachelor of Technology) MIZORAM",16,1,17
"National Institute of Technology, Mizoram","Electronics and Communication Engineering (4 Years, Bachelor of Technology) Other than MIZORAM",15,2,17
"National Institute of Technology, Mizoram","Mathematics and Computing (4 Years, Bachelor of Technology) MIZORAM",5,0,5
"National Institute of Technology, Mizoram","Mathematics and Computing (4 Years, Bachelor of Technology) Other than MIZORAM",5,0,5
"National Institute of Technology, Mizoram","Mechanical Engineering (4 Years, Bachelor of Technology) MIZORAM",16,1,17
"National Institute of Technology, Mizoram","Mechanical Engineering (4 Years, Bachelor of Technology) Other than MIZORAM",16,1,17
"National Institute of Technology, Rourkela","Bio Technology (4 Years, Bachelor of Technology) ODISHA",17,0,17
"National Institute of Technology, Rourkela","Bio Technology (4 Years, Bachelor of Technology) Other than ODISHA",18,0,18
"National Institute of Technology, Rourkela","Ceramic Engineering (4 Years, Bachelor of Technology) ODISHA",20,0,20
"National Institute of Technology, Rourkela","Ceramic Engineering (4 Years, Bachelor of Technology) Other than ODISHA",20,0,20
"National Institute of Technology, Rourkela","Chemical Engineering (4 Years, Bachelor of Technology) ODISHA",31,0,31
"National Institute of Technology, Rourkela","Chemical Engineering (4 Years, Bachelor of Technology) Other than ODISHA",31,0,31
"National Institute of Technology, Rourkela","Civil Engineering (4 Years, Bachelor of Technology) ODISHA",36,0,36
"National Institute of Technology, Rourkela","Civil Engineering (4 Years, Bachelor of Technology) Other than ODISHA",36,0,36
"National Institute of Technology, Rourkela","Computer Science and Engineering (4 Years, Bachelor of Technology) ODISHA",56,0,56
"National Institute of Technology, Rourkela","Computer Science and Engineering (4 Years, Bachelor of Technology) Other than ODISHA",57,0,57
"National Institute of Technology, Rourkela","Electrical Engineering (4 Years, Bachelor of Technology) ODISHA",57,1,58
"National Institute of Technology, Rourkela","Electrical Engineering (4 Years, Bachelor of Technology) Other than ODISHA",56,0,56
"National Institute of Technology, Rourkela","Electronics and Communication Engineering (4 Years, Bachelor of Technology) ODISHA",28,0,28
"National Institute of Technology, Rourkela","Electronics and Communication Engineering (4 Years, Bachelor of Technology) Other than ODISHA",28,0,28
"National Institute of Technology, Rourkela","Mechanical Engineering (4 Years, Bachelor of Technology) ODISHA",57,0,57
"National Institute of Technology, Rourkela","Mechanical Engineering (4 Years, Bachelor of Technology) Other than ODISHA",56,0,56
"National Institute of Technology, Rourkela","Metallurgical and Materials Engineering (4 Years, Bachelor of Technology) ODISHA",30,0,30
"National Institute of Technology, Rourkela","Metallurgical and Materials Engineering (4 Years, Bachelor of Technology) Other than ODISHA",30,0,30
"National Institute of Technology, Rourkela","Mining Engineering (4 Years, Bachelor of Technology) ODISHA",19,0,19
"National Institute of Technology, Rourkela","Mining Engineering (4 Years, Bachelor of Technology) Other than ODISHA",19,0,19
"National Institute of Technology, Rourkela","Electronics and Instrumentation Engineering (4 Years, Bachelor of Technology) ODISHA",28,0,28
"National Institute of Technology, Rourkela","Electronics and Instrumentation Engineering (4 Years, Bachelor of Technology) Other than ODISHA",28,0,28
"National Institute of Technology, Rourkela","Bio Medical Engineering (4 Years, Bachelor of Technology) ODISHA",17,0,17
"National Institute of Technology, Rourkela","Bio Medical Engineering (4 Years, Bachelor of Technology) Other than ODISHA",18,0,18
"National Institute of Technology, Rourkela","Industrial Design (4 Years, Bachelor of Technology) ODISHA",14,0,14
"National Institute of Technology, Rourkela","Industrial Design (4 Years, Bachelor of Technology) Other than ODISHA",14,0,14
"National Institute of Technology, Rourkela","Food Process Engineering (4 Years, Bachelor of Technology) ODISHA",15,0,15
"National Institute of Technology, Rourkela","Food Process Engineering (4 Years, Bachelor of Technology) Other than ODISHA",15,1,16
"National Institute of Technology, Rourkela","Artificial Intelligence (4 Years, Bachelor of Technology) ODISHA",23,0,23
"National Institute of Technology, Rourkela","Artificial Intelligence (4 Years, Bachelor of Technology) Other than ODISHA",22,0,22
"National Institute of Technology, Rourkela","Architecture (5 Years, Bachelor of Architecture) ODISHA",10,0,10
"National Institute of Technology, Rourkela","Architecture (5 Years, Bachelor of Architecture) Other than ODISHA",10,0,10
"National Institute of Technology, Rourkela","Chemical Engineering (5 Years, Bachelor and Master of Technology (Dual Degree)) ODISHA",6,0,6
"National Institute of Technology, Rourkela","Chemical Engineering (5 Years, Bachelor and Master of Technology (Dual Degree)) Other than ODISHA",6,0,6
"National Institute of Technology, Rourkela","Metallurgical and Materials Engineering (5 Years, Bachelor and Master of Technology (Dual Degree)) ODISHA",6,0,6
"National Institute of Technology, Rourkela","Metallurgical and Materials Engineering (5 Years, Bachelor and Master of Technology (Dual Degree)) Other than ODISHA",7,0,7
"National Institute of Technology, Rourkela","Mining Engineering (5 Years, Bachelor and Master of Technology (Dual Degree)) ODISHA",6,0,6
"National Institute of Technology, Rourkela","Mining Engineering (5 Years, Bachelor and Master of Technology (Dual Degree)) Other than ODISHA",6,0,6
"National Institute of Technology, Rourkela","Ceramic Engineering and M.Tech Industrial Ceramic (5 Years, Bachelor and Master of Technology (Dual Degree)) ODISHA",7,0,7
"National Institute of Technology, Rourkela","Ceramic Engineering and M.Tech Industrial Ceramic (5 Years, Bachelor and Master of Technology (Dual Degree)) Other than ODISHA",6,0,6
"National Institute of Technology, Rourkela","Chemistry (5 Years, Integrated Master of Science) ODISHA",11,0,11
"National Institute of Technology, Rourkela","Chemistry (5 Years, Integrated Master of Science) Other than ODISHA",11,0,11
"National Institute of Technology, Rourkela","Physics (5 Years, Integrated Master of Science) ODISHA",13,0,13
"National Institute of Technology, Rourkela","Physics (5 Years, Integrated Master of Science) Other than ODISHA",12,0,12
"National Institute of Technology, Rourkela","Mathematics (5 Years, Integrated Master of Science) ODISHA",12,0,12
"National Institute of Technology, Rourkela","Mathematics (5 Years, Integrated Master of Science) Other than ODISHA",13,0,13
"National Institute of Technology, Rourkela","Life Science (5 Years, Integrated Master of Science) ODISHA",10,0,10
"National Institute of Technology, Rourkela","Life Science (5 Years, Integrated Master of Science) Other than ODISHA",10,0,10
"National Institute of Technology, Silchar","Civil Engineering (4 Years, Bachelor of Technology) ASSAM",79,0,79
"National Institute of Technology, Silchar","Civil Engineering (4 Years, Bachelor of Technology) Other than ASSAM",78,0,78
"National Institute of Technology, Silchar","Computer Science and Engineering (4 Years, Bachelor of Technology) ASSAM",80,0,80
"National Institute of Technology, Silchar","Computer Science and Engineering (4 Years, Bachelor of Technology) Other than ASSAM",81,0,81
"National Institute of Technology, Silchar","Electrical Engineering (4 Years, Bachelor of Technology) ASSAM",81,0,81
"National Institute of Technology, Silchar","Electrical Engineering (4 Years, Bachelor of Technology) Other than ASSAM",81,0,81
"National Institute of Technology, Silchar","Electronics and Communication Engineering (4 Years, Bachelor of Technology) ASSAM",81,0,81
"National Institute of Technology, Silchar","Electronics and Communication Engineering (4 Years, Bachelor of Technology) Other than ASSAM",81,0,81
"National Institute of Technology, Silchar","Mechanical Engineering (4 Years, Bachelor of Technology) ASSAM",80,0,80
"National Institute of Technology, Silchar","Mechanical Engineering (4 Years, Bachelor of Technology) Other than ASSAM",81,0,81
"National Institute of Technology, Silchar","Electronics and Instrumentation Engineering (4 Years, Bachelor of Technology) ASSAM",50,0,50
"National Institute of Technology, Silchar","Electronics and Instrumentation Engineering (4 Years, Bachelor of Technology) Other than ASSAM",50,0,50
"National Institute of Technology, Srinagar","Chemical Engineering (4 Years, Bachelor of Technology) JK JAMMU & KASHMIR (UT)",37,1,38
"National Institute of Technology, Srinagar","Chemical Engineering (4 Years, Bachelor of Technology) LA LADAKH (UT)",2,0,2
"National Institute of Technology, Srinagar","Chemical Engineering (4 Years, Bachelor of Technology) Other than JAMMU & KASHMIR (UT) LADAKH (UT)",39,1,40
"National Institute of Technology, Srinagar","Civil Engineering (4 Years, Bachelor of Technology) JK JAMMU & KASHMIR (UT)",77,4,81
"National Institute of Technology, Srinagar","Civil Engineering (4 Years, Bachelor of Technology) LA LADAKH (UT)",2,2,4
"National Institute of Technology, Srinagar","Civil Engineering (4 Years, Bachelor of Technology) Other than JAMMU & KASHMIR (UT) LADAKH (UT)",82,3,85
"National Institute of Technology, Srinagar","Computer Science and Engineering (4 Years, Bachelor of Technology) JK JAMMU & KASHMIR (UT)",60,2,62
"National Institute of Technology, Srinagar","Computer Science and Engineering (4 Years, Bachelor of Technology) LA LADAKH (UT)",3,0,3
"National Institute of Technology, Srinagar","Computer Science and Engineering (4 Years, Bachelor of Technology) Other than JAMMU & KASHMIR (UT) LADAKH (UT)",63,2,65
"National Institute of Technology, Srinagar","Electrical Engineering (4 Years, Bachelor of Technology) JK JAMMU & KASHMIR (UT)",48,2,50
"National Institute of Technology, Srinagar","Electrical Engineering (4 Years, Bachelor of Technology) LA LADAKH (UT)",2,1,3
"National Institute of Technology, Srinagar","Electrical Engineering (4 Years, Bachelor of Technology) Other than JAMMU & KASHMIR (UT) LADAKH (UT)",50,2,52
"National Institute of Technology, Srinagar","Electronics and Communication Engineering (4 Years, Bachelor of Technology) JK JAMMU & KASHMIR (UT)",44,3,47
"National Institute of Technology, Srinagar","Electronics and Communication Engineering (4 Years, Bachelor of Technology) LA LADAKH (UT)",2,1,3
"National Institute of Technology, Srinagar","Electronics and Communication Engineering (4 Years, Bachelor of Technology) Other than JAMMU & KASHMIR (UT) LADAKH (UT)",49,1,50
"National Institute of Technology, Srinagar","Mechanical Engineering (4 Years, Bachelor of Technology) JK JAMMU & KASHMIR (UT)",47,3,50
"National Institute of Technology, Srinagar","Mechanical Engineering (4 Years, Bachelor of Technology) LA LADAKH (UT)",2,1,3
"National Institute of Technology, Srinagar","Mechanical Engineering (4 Years, Bachelor of Technology) Other than JAMMU & KASHMIR (UT) LADAKH (UT)",49,3,52
"National Institute of Technology, Srinagar","Metallurgical and Materials Engineering (4 Years, Bachelor of Technology) JK JAMMU & KASHMIR (UT)",37,1,38
"National Institute of Technology, Srinagar","Metallurgical and Materials Engineering (4 Years, Bachelor of Technology) LA LADAKH (UT)",2,0,2
"National Institute of Technology, Srinagar","Metallurgical and Materials Engineering (4 Years, Bachelor of Technology) Other than JAMMU & KASHMIR (UT) LADAKH (UT)",37,3,40
"National Institute of Technology, Srinagar","Information Technology (4 Years, Bachelor of Technology) JK JAMMU & KASHMIR (UT)",61,1,62
"National Institute of Technology, Srinagar","Information Technology (4 Years, Bachelor of Technology) LA LADAKH (UT)",3,0,3
"National Institute of Technology, Srinagar","Information Technology (4 Years, Bachelor of Technology) Other than JAMMU & KASHMIR (UT) LADAKH (UT)",62,2,64
"National Institute of Technology, Tiruchirappalli","Chemical Engineering (4 Years, Bachelor of Technology) TAMIL NADU",40,0,40
"National Institute of Technology, Tiruchirappalli","Chemical Engineering (4 Years, Bachelor of Technology) Other than TAMIL NADU",39,0,39
"National Institute of Technology, Tiruchirappalli","Civil Engineering (4 Years, Bachelor of Technology) TAMIL NADU",59,0,59
"National Institute of Technology, Tiruchirappalli","Civil Engineering (4 Years, Bachelor of Technology) Other than TAMIL NADU",59,0,59
"National Institute of Technology, Tiruchirappalli","Computer Science and Engineering (4 Years, Bachelor of Technology) TAMIL NADU",60,0,60
"National Institute of Technology, Tiruchirappalli","Computer Science and Engineering (4 Years, Bachelor of Technology) Other than TAMIL NADU",59,0,59
"National Institute of Technology, Tiruchirappalli","Electronics and Communication Engineering (4 Years, Bachelor of Technology) TAMIL NADU",58,0,58
"National Institute of Technology, Tiruchirappalli","Electronics and Communication Engineering (4 Years, Bachelor of Technology) Other than TAMIL NADU",59,0,59
"National Institute of Technology, Tiruchirappalli","Mechanical Engineering (4 Years, Bachelor of Technology) TAMIL NADU",59,0,59
"National Institute of Technology, Tiruchirappalli","Mechanical Engineering (4 Years, Bachelor of Technology) Other than TAMIL NADU",59,0,59
"National Institute of Technology, Tiruchirappalli","Metallurgical and Materials Engineering (4 Years, Bachelor of Technology) TAMIL NADU",40,0,40
"National Institute of Technology, Tiruchirappalli","Metallurgical and Materials Engineering (4 Years, Bachelor of Technology) Other than TAMIL NADU",39,0,39
"National Institute of Technology, Tiruchirappalli","Electrical and Electronics Engineering (4 Years, Bachelor of Technology) TAMIL NADU",58,0,58
"National Institute of Technology, Tiruchirappalli","Electrical and Electronics Engineering (4 Years, Bachelor of Technology) Other than TAMIL NADU",58,0,58
"National Institute of Technology, Tiruchirappalli","Production Engineering (4 Years, Bachelor of Technology) TAMIL NADU",59,0,59
"National Institute of Technology, Tiruchirappalli","Production Engineering (4 Years, Bachelor of Technology) Other than TAMIL NADU",59,0,59
"National Institute of Technology, Tiruchirappalli","Instrumentation and Control Engineering (4 Years, Bachelor of Technology) TAMIL NADU",58,0,58
"National Institute of Technology, Tiruchirappalli","Instrumentation and Control Engineering (4 Years, Bachelor of Technology) Other than TAMIL NADU",59,0,59
"National Institute of Technology, Tiruchirappalli","Architecture (5 Years, Bachelor of Architecture) TAMIL NADU",29,0,29
"National Institute of Technology, Tiruchirappalli","Architecture (5 Years, Bachelor of Architecture) Other than TAMIL NADU",28,0,28
"National Institute of Technology, Uttarakhand","Civil Engineering (4 Years, Bachelor of Technology) UTTARAKHAND",18,0,18
"National Institute of Technology, Uttarakhand","Civil Engineering (4 Years, Bachelor of Technology) Other than UTTARAKHAND",18,0,18
"National Institute of Technology, Uttarakhand","Computer Science and Engineering (4 Years, Bachelor of Technology) UTTARAKHAND",26,0,26
"National Institute of Technology, Uttarakhand","Computer Science and Engineering (4 Years, Bachelor of Technology) Other than UTTARAKHAND",26,0,26
"National Institute of Technology, Uttarakhand","Electronics and Communication Engineering (4 Years, Bachelor of Technology) UTTARAKHAND",20,0,20
"National Institute of Technology, Uttarakhand","Electronics and Communication Engineering (4 Years, Bachelor of Technology) Other than UTTARAKHAND",20,0,20
"National Institute of Technology, Uttarakhand","Mechanical Engineering (4 Years, Bachelor of Technology) UTTARAKHAND",18,0,18
"National Institute of Technology, Uttarakhand","Mechanical Engineering (4 Years, Bachelor of Technology) Other than UTTARAKHAND",18,0,18
"National Institute of Technology, Uttarakhand","Electrical and Electronics Engineering (4 Years, Bachelor of Technology) UTTARAKHAND",18,0,18
"National Institute of Technology, Uttarakhand","Electrical and Electronics Engineering (4 Years, Bachelor of Technology) Other than UTTARAKHAND",18,0,18
"National Institute of Technology, Warangal","Bio Technology (4 Years, Bachelor of Technology) TELANGANA",36,0,36
"National Institute of Technology, Warangal","Bio Technology (4 Years, Bachelor of Technology) Other than TELANGANA",36,0,36
"National Institute of Technology, Warangal","Chemical Engineering (4 Years, Bachelor of Technology) TELANGANA",49,0,49
"National Institute of Technology, Warangal","Chemical Engineering (4 Years, Bachelor of Technology) Other than TELANGANA",49,0,49
"National Institute of Technology, Warangal","Civil Engineering (4 Years, Bachelor of Technology) TELANGANA",55,0,55
"National Institute of Technology, Warangal","Civil Engineering (4 Years, Bachelor of Technology) Other than TELANGANA",55,0,55
"National Institute of Technology, Warangal","Electronics and Communication Engineering (VLSI Design and Technology) (4 Years, Bachelor of Technology) TELANGANA",20,0,20
"National Institute of Technology, Warangal","Electronics and Communication Engineering (VLSI Design and Technology) (4 Years, Bachelor of Technology) Other than TELANGANA",20,0,20
"National Institute of Technology, Warangal","Computer Science and Engineering (4 Years, Bachelor of Technology) TELANGANA",68,0,68
"National Institute of Technology, Warangal","Computer Science and Engineering (4 Years, Bachelor of Technology) Other than TELANGANA",67,0,67
"National Institute of Technology, Warangal","Electronics and Communication Engineering (4 Years, Bachelor of Technology) TELANGANA",50,0,50
"National Institute of Technology, Warangal","Electronics and Communication Engineering (4 Years, Bachelor of Technology) Other than TELANGANA",50,0,50
"National Institute of Technology, Warangal","Mathematics and Computing (4 Years, Bachelor of Technology) TELANGANA",15,0,15
"National Institute of Technology, Warangal","Mathematics and Computing (4 Years, Bachelor of Technology) Other than TELANGANA",15,0,15
"National Institute of Technology, Warangal","Mechanical Engineering (4 Years, Bachelor of Technology) TELANGANA",65,0,65
"National Institute of Technology, Warangal","Mechanical Engineering (4 Years, Bachelor of Technology) Other than TELANGANA",65,0,65
"National Institute of Technology, Warangal","Metallurgical and Materials Engineering (4 Years, Bachelor of Technology) TELANGANA",30,0,30
"National Institute of Technology, Warangal","Metallurgical and Materials Engineering (4 Years, Bachelor of Technology) Other than TELANGANA",30,0,30
"National Institute of Technology, Warangal","Computer Science and Engineering ( Artificial Intelligence & Data Science) (4 Years, Bachelor of Technology) TELANGANA",30,0,30
"National Institute of Technology, Warangal","Computer Science and Engineering ( Artificial Intelligence & Data Science) (4 Years, Bachelor of Technology) Other than TELANGANA",30,0,30
"National Institute of Technology, Warangal","Electrical and Electronics Engineering (4 Years, Bachelor of Technology) TELANGANA",65,0,65
"National Institute of Technology, Warangal","Electrical and Electronics Engineering (4 Years, Bachelor of Technology) Other than TELANGANA",65,0,65
"National Institute of Technology, Warangal","Chemical Engineering (5 Years, Bachelor and Master of Technology (Dual Degree)) TELANGANA",6,0,6
"National Institute of Technology, Warangal","Chemical Engineering (5 Years, Bachelor and Master of Technology (Dual Degree)) Other than TELANGANA",6,0,6
"National Institute of Technology, Warangal","Metallurgical and Materials Engineering (5 Years, Bachelor and Master of Technology (Dual Degree)) TELANGANA",6,0,6
"National Institute of Technology, Warangal","Metallurgical and Materials Engineering (5 Years, Bachelor and Master of Technology (Dual Degree)) Other than TELANGANA",6,0,6
"National Institute of Technology, Warangal","Chemistry (5 Years, Integrated Master of Science) TELANGANA",10,0,10
"National Institute of Technology, Warangal","Chemistry (5 Years, Integrated Master of Science) Other than TELANGANA",10,0,10
"National Institute of Technology, Warangal","Physics (5 Years, Integrated Master of Science) TELANGANA",10,0,10
"National Institute of Technology, Warangal","Physics (5 Years, Integrated Master of Science) Other than TELANGANA",10,0,10
"National Institute of Technology, Warangal","Mathematics (5 Years, Integrated Master of Science) TELANGANA",10,0,10
"National Institute of Technology, Warangal","Mathematics (5 Years, Integrated Master of Science) Other than TELANGANA",10,0,10
"Sardar Vallabhbhai National Institute of Technology, Surat","Chemical Engineering (4 Years, Bachelor of Technology) GUJARAT",65,0,65
"Sardar Vallabhbhai National Institute of Technology, Surat","Chemical Engineering (4 Years, Bachelor of Technology) Other than GUJARAT",65,0,65
"Sardar Vallabhbhai National Institute of Technology, Surat","Civil Engineering (4 Years, Bachelor of Technology) GUJARAT",65,0,65
"Sardar Vallabhbhai National Institute of Technology, Surat","Civil Engineering (4 Years, Bachelor of Technology) Other than GUJARAT",65,0,65
"Sardar Vallabhbhai National Institute of Technology, Surat","Industrial Chemistry (4 Years, Bachelor of Technology) GUJARAT",15,0,15
"Sardar Vallabhbhai National Institute of Technology, Surat","Industrial Chemistry (4 Years, Bachelor of Technology) Other than GUJARAT",15,0,15
"Sardar Vallabhbhai National Institute of Technology, Surat","Electronics and VLSI Engineering (4 Years, Bachelor of Technology) GUJARAT",30,0,30
"Sardar Vallabhbhai National Institute of Technology, Surat","Electronics and VLSI Engineering (4 Years, Bachelor of Technology) Other than GUJARAT",30,0,30
"Sardar Vallabhbhai National Institute of Technology, Surat","Computer Science and Engineering (4 Years, Bachelor of Technology) GUJARAT",65,0,65
"Sardar Vallabhbhai National Institute of Technology, Surat","Computer Science and Engineering (4 Years, Bachelor of Technology) Other than GUJARAT",65,0,65
"Sardar Vallabhbhai National Institute of Technology, Surat","Electrical Engineering (4 Years, Bachelor of Technology) GUJARAT",65,0,65
"Sardar Vallabhbhai National Institute of Technology, Surat","Electrical Engineering (4 Years, Bachelor of Technology) Other than GUJARAT",65,0,65
"Sardar Vallabhbhai National Institute of Technology, Surat","Electronics and Communication Engineering (4 Years, Bachelor of Technology) GUJARAT",70,0,70
"Sardar Vallabhbhai National Institute of Technology, Surat","Electronics and Communication Engineering (4 Years, Bachelor of Technology) Other than GUJARAT",70,0,70
"Sardar Vallabhbhai National Institute of Technology, Surat","Engineering Physics (4 Years, Bachelor of Technology) GUJARAT",15,0,15
"Sardar Vallabhbhai National Institute of Technology, Surat","Engineering Physics (4 Years, Bachelor of Technology) Other than GUJARAT",15,0,15
"Sardar Vallabhbhai National Institute of Technology, Surat","Mathematics and Computing (4 Years, Bachelor of Technology) GUJARAT",15,0,15
"Sardar Vallabhbhai National Institute of Technology, Surat","Mathematics and Computing (4 Years, Bachelor of Technology) Other than GUJARAT",15,0,15
"Sardar Vallabhbhai National Institute of Technology, Surat","Mechanical Engineering (4 Years, Bachelor of Technology) GUJARAT",130,0,130
"Sardar Vallabhbhai National Institute of Technology, Surat","Mechanical Engineering (4 Years, Bachelor of Technology) Other than GUJARAT",130,0,130
"Sardar Vallabhbhai National Institute of Technology, Surat","Artificial Intelligence (4 Years, Bachelor of Technology) GUJARAT",60,0,60
"Sardar Vallabhbhai National Institute of Technology, Surat","Artificial Intelligence (4 Years, Bachelor of Technology) Other than GUJARAT",60,0,60
"Sardar Vallabhbhai National Institute of Technology, Surat","Chemistry (5 Years, Integrated Master of Science) GUJARAT",25,0,25
"Sardar Vallabhbhai National Institute of Technology, Surat","Chemistry (5 Years, Integrated Master of Science) Other than GUJARAT",25,0,25
"Sardar Vallabhbhai National Institute of Technology, Surat","Physics (5 Years, Integrated Master of Science) GUJARAT",25,0,25
"Sardar Vallabhbhai National Institute of Technology, Surat","Physics (5 Years, Integrated Master of Science) Other than GUJARAT",25,0,25
"Sardar Vallabhbhai National Institute of Technology, Surat","Mathematics (5 Years, Integrated Master of Science) GUJARAT",25,0,25
"Sardar Vallabhbhai National Institute of Technology, Surat","Mathematics (5 Years, Integrated Master of Science) Other than GUJARAT",25,0,25
"Sardar Vallabhbhai National Institute of Technology, Surat","Artificial Intelligence (5 Years, Integrated B. Tech. and M. Tech.) GUJARAT",30,0,30
"Sardar Vallabhbhai National Institute of Technology, Surat","Artificial Intelligence (5 Years, Integrated B. Tech. and M. Tech.) Other than GUJARAT",30,0,30
"Visvesvaraya National Institute of Technology, Nagpur","Chemical Engineering (4 Years, Bachelor of Technology) MAHARASHTRA",58,0,58
"Visvesvaraya National Institute of Technology, Nagpur","Chemical Engineering (4 Years, Bachelor of Technology) Other than MAHARASHTRA",57,0,57
"Visvesvaraya National Institute of Technology, Nagpur","Civil Engineering (4 Years, Bachelor of Technology) MAHARASHTRA",58,0,58
"Visvesvaraya National Institute of Technology, Nagpur","Civil Engineering (4 Years, Bachelor of Technology) Other than MAHARASHTRA",57,0,57
"Visvesvaraya National Institute of Technology, Nagpur","Computer Science and Engineering (4 Years, Bachelor of Technology) MAHARASHTRA",57,0,57
"Visvesvaraya National Institute of Technology, Nagpur","Computer Science and Engineering (4 Years, Bachelor of Technology) Other than MAHARASHTRA",58,0,58
"Visvesvaraya National Institute of Technology, Nagpur","Electronics and Communication Engineering (4 Years, Bachelor of Technology) MAHARASHTRA",57,0,57
"Visvesvaraya National Institute of Technology, Nagpur","Electronics and Communication Engineering (4 Years, Bachelor of Technology) Other than MAHARASHTRA",58,0,58
"Visvesvaraya National Institute of Technology, Nagpur","Mechanical Engineering (4 Years, Bachelor of Technology) MAHARASHTRA",57,0,57
"Visvesvaraya National Institute of Technology, Nagpur","Mechanical Engineering (4 Years, Bachelor of Technology) Other than MAHARASHTRA",58,0,58
"Visvesvaraya National Institute of Technology, Nagpur","Metallurgical and Materials Engineering (4 Years, Bachelor of Technology) MAHARASHTRA",58,0,58
"Visvesvaraya National Institute of Technology, Nagpur","Metallurgical and Materials Engineering (4 Years, Bachelor of Technology) Other than MAHARASHTRA",57,0,57
"Visvesvaraya National Institute of Technology, Nagpur","Mining Engineering (4 Years, Bachelor of Technology) MAHARASHTRA",25,0,25
"Visvesvaraya National Institute of Technology, Nagpur","Mining Engineering (4 Years, Bachelor of Technology) Other than MAHARASHTRA",25,0,25
"Visvesvaraya National Institute of Technology, Nagpur","Electrical and Electronics Engineering (4 Years, Bachelor of Technology) MAHARASHTRA",57,0,57
"Visvesvaraya National Institute of Technology, Nagpur","Electrical and Electronics Engineering (4 Years, Bachelor of Technology) Other than MAHARASHTRA",58,0,58
"Visvesvaraya National Institute of Technology, Nagpur","Architecture (5 Years, Bachelor of Architecture) MAHARASHTRA",39,0,39
"Visvesvaraya National Institute of Technology, Nagpur","Architecture (5 Years, Bachelor of Architecture) Other than MAHARASHTRA",39,0,39
"National Institute of Technology, Andhra Pradesh","Bio Technology (4 Years, Bachelor of Technology) ANDHRA PRADESH",15,0,15
"National Institute of Technology, Andhra Pradesh","Bio Technology (4 Years, Bachelor of Technology) Other than ANDHRA PRADESH",15,0,15
"National Institute of Technology, Andhra Pradesh","Chemical Engineering (4 Years, Bachelor of Technology) ANDHRA PRADESH",15,0,15
"National Institute of Technology, Andhra Pradesh","Chemical Engineering (4 Years, Bachelor of Technology) Other than ANDHRA PRADESH",15,0,15
"National Institute of Technology, Andhra Pradesh","Civil Engineering (4 Years, Bachelor of Technology) ANDHRA PRADESH",30,0,30
"National Institute of Technology, Andhra Pradesh","Civil Engineering (4 Years, Bachelor of Technology) Other than ANDHRA PRADESH",30,0,30
"National Institute of Technology, Andhra Pradesh","Computer Science and Engineering (4 Years, Bachelor of Technology) ANDHRA PRADESH",45,0,45
"National Institute of Technology, Andhra Pradesh","Computer Science and Engineering (4 Years, Bachelor of Technology) Other than ANDHRA PRADESH",45,0,45
"National Institute of Technology, Andhra Pradesh","Electronics and Communication Engineering (4 Years, Bachelor of Technology) ANDHRA PRADESH",45,0,45
"National Institute of Technology, Andhra Pradesh","Electronics and Communication Engineering (4 Years, Bachelor of Technology) Other than ANDHRA PRADESH",45,0,45
"National Institute of Technology, Andhra Pradesh","Mechanical Engineering (4 Years, Bachelor of Technology) ANDHRA PRADESH",30,0,30
"National Institute of Technology, Andhra Pradesh","Mechanical Engineering (4 Years, Bachelor of Technology) Other than ANDHRA PRADESH",30,0,30
"National Institute of Technology, Andhra Pradesh","Metallurgical and Materials Engineering (4 Years, Bachelor of Technology) ANDHRA PRADESH",15,0,15
"National Institute of Technology, Andhra Pradesh","Metallurgical and Materials Engineering (4 Years, Bachelor of Technology) Other than ANDHRA PRADESH",15,0,15
"National Institute of Technology, Andhra Pradesh","Electrical and Electronics Engineering (4 Years, Bachelor of Technology) ANDHRA PRADESH",45,0,45
"National Institute of Technology, Andhra Pradesh","Electrical and Electronics Engineering (4 Years, Bachelor of Technology) Other than ANDHRA PRADESH",45,0,45
"Indian Institute of Engineering Science and Technology, Shibpur","Aerospace Engineering (4 Years, Bachelor of Technology) WEST BENGAL",25,0,25
"Indian Institute of Engineering Science and Technology, Shibpur","Aerospace Engineering (4 Years, Bachelor of Technology) Other than WEST BENGAL",26,0,26
"Indian Institute of Engineering Science and Technology, Shibpur","Civil Engineering (4 Years, Bachelor of Technology) WEST BENGAL",78,0,78
"Indian Institute of Engineering Science and Technology, Shibpur","Civil Engineering (4 Years, Bachelor of Technology) Other than WEST BENGAL",77,0,77
"Indian Institute of Engineering Science and Technology, Shibpur","Computer Science and Engineering (4 Years, Bachelor of Technology) WEST BENGAL",51,0,51
"Indian Institute of Engineering Science and Technology, Shibpur","Computer Science and Engineering (4 Years, Bachelor of Technology) Other than WEST BENGAL",51,0,51
"Indian Institute of Engineering Science and Technology, Shibpur","Electrical Engineering (4 Years, Bachelor of Technology) WEST BENGAL",51,0,51
"Indian Institute of Engineering Science and Technology, Shibpur","Electrical Engineering (4 Years, Bachelor of Technology) Other than WEST BENGAL",51,0,51
"Indian Institute of Engineering Science and Technology, Shibpur","Mechanical Engineering (4 Years, Bachelor of Technology) WEST BENGAL",51,0,51
"Indian Institute of Engineering Science and Technology, Shibpur","Mechanical Engineering (4 Years, Bachelor of Technology) Other than WEST BENGAL",51,0,51
"Indian Institute of Engineering Science and Technology, Shibpur","Mining Engineering (4 Years, Bachelor of Technology) WEST BENGAL",25,0,25
"Indian Institute of Engineering Science and Technology, Shibpur","Mining Engineering (4 Years, Bachelor of Technology) Other than WEST BENGAL",26,0,26
"Indian Institute of Engineering Science and Technology, Shibpur","Information Technology (4 Years, Bachelor of Technology) WEST BENGAL",51,0,51
"Indian Institute of Engineering Science and Technology, Shibpur","Information Technology (4 Years, Bachelor of Technology) Other than WEST BENGAL",51,0,51
"Indian Institute of Engineering Science and Technology, Shibpur","Electronics and Telecommunication Engineering (4 Years, Bachelor of Technology) WEST BENGAL",35,0,35
"Indian Institute of Engineering Science and Technology, Shibpur","Electronics and Telecommunication Engineering (4 Years, Bachelor of Technology) Other than WEST BENGAL",35,0,35
"Indian Institute of Engineering Science and Technology, Shibpur","Metallurgy and Materials Engineering (4 Years, Bachelor of Technology) WEST BENGAL",26,0,26
"Indian Institute of Engineering Science and Technology, Shibpur","Metallurgy and Materials Engineering (4 Years, Bachelor of Technology) Other than WEST BENGAL",25,0,25
"Indian Institute of Engineering Science and Technology, Shibpur","Architecture (5 Years, Bachelor of Architecture) WEST BENGAL",12,0,12
"Indian Institute of Engineering Science and Technology, Shibpur","Architecture (5 Years, Bachelor of Architecture) Other than WEST BENGAL",12,0,12
Atal Bihari Vajpayee Indian Institute of Information Technology & Management Gwalior,"Computer Science and Engineering (4 Years, Bachelor of Technology)",90,0,90
Atal Bihari Vajpayee Indian Institute of Information Technology & Management Gwalior,"Mathematics and Scientific Computing (4 Years, Bachelor of Technology)",60,0,60
Atal Bihari Vajpayee Indian Institute of Information Technology & Management Gwalior,"Electrical and Electronics Engineering (4 Years, Bachelor of Technology)",60,0,60
Atal Bihari Vajpayee Indian Institute of Information Technology & Management Gwalior,"Integrated B. Tech.(IT) and M. Tech (IT) (5 Years, Integrated B. Tech. and M. Tech.)",90,0,90
Atal Bihari Vajpayee Indian Institute of Information Technology & Management Gwalior,"Integrated B. Tech.(IT) and MBA (5 Years, Integrated B. Tech. and MBA)",60,0,60
"Indian Institute of Information Technology (IIIT)Kota, Rajasthan","Computer Science and Engineering (4 Years, Bachelor of Technology)",144,36,180
"Indian Institute of Information Technology (IIIT)Kota, Rajasthan","Electronics and Communication Engineering (4 Years, Bachelor of Technology)",72,18,90
"Indian Institute of Information Technology (IIIT)Kota, Rajasthan","Artificial Intelligence and Data Engineering (4 Years, Bachelor of Technology)",48,12,60
Indian Institute of Information Technology Guwahati,"Computer Science and Engineering (4 Years, Bachelor of Technology)",138,27,165
Indian Institute of Information Technology Guwahati,"Electronics and Communication Engineering (4 Years, Bachelor of Technology)",75,14,89
"Indian Institute of Information Technology(IIIT) Kalyani, West Bengal","Computer Science and Engineering (Cyber Security) (4 Years, Bachelor of Technology)",20,2,22
"Indian Institute of Information Technology(IIIT) Kalyani, West Bengal","Computer Science and Engineering (4 Years, Bachelor of Technology)",118,10,128
"Indian Institute of Information Technology(IIIT) Kalyani, West Bengal","Electronics and Communication Engineering (4 Years, Bachelor of Technology)",60,5,65
"Indian Institute of Information Technology(IIIT) Kalyani, West Bengal","Computer Science and Engineering ( Artificial Intelligence & Data Science) (4 Years, Bachelor of Technology)",20,2,22
"Indian Institute of Information Technology(IIIT) Kilohrad, Sonepat, Haryana","Computer Science and Engineering (4 Years, Bachelor of Technology)",120,0,120
"Indian Institute of Information Technology(IIIT) Kilohrad, Sonepat, Haryana","CSE ( Data Science & Analytics) (4 Years, Bachelor of Technology)",60,0,60
"Indian Institute of Information Technology(IIIT) Kilohrad, Sonepat, Haryana","Information Technology (4 Years, Bachelor of Technology)",60,0,60
"Indian Institute of Information Technology(IIIT) Una, Himachal Pradesh","Computer Science and Engineering (Cyber Security) (4 Years, Bachelor of Technology)",30,0,30
"Indian Institute of Information Technology(IIIT) Una, Himachal Pradesh","Computer Science and Engineering (4 Years, Bachelor of Technology)",150,6,156
"Indian Institute of Information Technology(IIIT) Una, Himachal Pradesh","Electronics and Communication Engineering (4 Years, Bachelor of Technology)",75,3,78
"Indian Institute of Information Technology(IIIT) Una, Himachal Pradesh","Computer Science and Engineering (Data Science) (4 Years, Bachelor of Technology)",30,0,30
"Indian Institute of Information Technology (IIIT), Sri City, Chittoor","Computer Science and Engineering (4 Years, Bachelor of Technology)",230,46,276
"Indian Institute of Information Technology (IIIT), Sri City, Chittoor","Electronics and Communication Engineering (4 Years, Bachelor of Technology)",80,16,96
"Indian Institute of Information Technology (IIIT), Sri City, Chittoor","Artificial Intelligence and Data Science (4 Years, Bachelor of Technology)",55,11,66
"Indian Institute of Information Technology(IIIT), Vadodara, Gujrat","Computer Science and Engineering (4 Years, Bachelor of Technology)",153,38,191
"Indian Institute of Information Technology(IIIT), Vadodara, Gujrat","Electronics and Communication Engineering (4 Years, Bachelor of Technology)",96,24,120
"Indian Institute of Information Technology(IIIT), Vadodara, Gujrat","Information Technology (4 Years, Bachelor of Technology)",36,8,44
"Indian Institute of Information Technology(IIIT), Vadodara, Gujrat","Artificial Intelligence (4 Years, Bachelor of Technology)",48,12,60
"Indian Institute of Information Technology, Allahabad","Electronics and Communication Engineering (4 Years, Bachelor of Technology)",132,0,132
"Indian Institute of Information Technology, Allahabad","Information Technology (4 Years, Bachelor of Technology)",267,0,267
"Indian Institute of Information Technology, Allahabad","Information Technology-Business Informatics (4 Years, Bachelor of Technology)",40,0,40
"Indian Institute of Information Technology, Design & Manufacturing, Kancheepuram","Computer Science and Engineering (4 Years, Bachelor of Technology)",68,17,85
"Indian Institute of Information Technology, Design & Manufacturing, Kancheepuram","Electronics and Communication Engineering (4 Years, Bachelor of Technology)",101,25,126
"Indian Institute of Information Technology, Design & Manufacturing, Kancheepuram","Engineering Physics (4 Years, Bachelor of Technology)",15,0,15
"Indian Institute of Information Technology, Design & Manufacturing, Kancheepuram","Mechanical Engineering (4 Years, Bachelor of Technology)",69,17,86
"Indian Institute of Information Technology, Design & Manufacturing, Kancheepuram","Design Engineering (4 Years, Bachelor of Technology)",20,0,20
"Indian Institute of Information Technology, Design & Manufacturing, Kancheepuram","Smart Manufacturing (4 Years, Bachelor of Technology)",48,12,60
"Indian Institute of Information Technology, Design & Manufacturing, Kancheepuram","Computer Science and Engineering with Major in Artificial Intelligence (4 Years, Bachelor of Technology)",37,9,46
"Indian Institute of Information Technology, Design & Manufacturing, Kancheepuram","Computer Science and Engineering (5 Years, Bachelor and Master of Technology (Dual Degree))",54,14,68
"Indian Institute of Information Technology, Design & Manufacturing, Kancheepuram","B.Tech. in Electronics and Communication Engineering and M.Tech. in Communication Systems (5 Years, Bachelor and Master of Technology (Dual Degree))",16,4,20
"Indian Institute of Information Technology, Design & Manufacturing, Kancheepuram","B.Tech. in Electronics and Communication Engineering and M.Tech. in Microelectronics and VLSI Systems (5 Years, Bachelor and Master of Technology (Dual Degree))",17,4,21
"Indian Institute of Information Technology, Design & Manufacturing, Kancheepuram","B.Tech in Mechanical Engineering and M.Tech in AI and Robotics (5 Years, B.Tech. + M.Tech./MS (Dual Degree))",37,9,46
"Pt. Dwarka Prasad Mishra Indian Institute of Information Technology, Design & Manufacture Jabalpur","Computer Science and Engineering (4 Years, Bachelor of Technology)",275,0,275
"Pt. Dwarka Prasad Mishra Indian Institute of Information Technology, Design & Manufacture Jabalpur","Electronics and Communication Engineering (4 Years, Bachelor of Technology)",137,0,137
"Pt. Dwarka Prasad Mishra Indian Institute of Information Technology, Design & Manufacture Jabalpur","Mechanical Engineering (4 Years, Bachelor of Technology)",69,0,69
"Pt. Dwarka Prasad Mishra Indian Institute of Information Technology, Design & Manufacture Jabalpur","Smart Manufacturing (4 Years, Bachelor of Technology)",69,0,69
INDIAN INSTITUTE OF INFORMATION TECHNOLOGY SENAPATI MANIPUR,"Electronics and Communication Engineering with specialization in VLSI and Embedded Systems (4 Years, Bachelor of Technology)",110,22,132
INDIAN INSTITUTE OF INFORMATION TECHNOLOGY SENAPATI MANIPUR,"Computer Science and Engineering with specialization in Artificial Intelligence and Data Science (4 Years, Bachelor of Technology)",110,22,132
INDIAN INSTITUTE OF INFORMATION TECHNOLOGY SENAPATI MANIPUR,"Computer Science and Engineering (4 Years, Bachelor of Technology)",110,22,132
INDIAN INSTITUTE OF INFORMATION TECHNOLOGY SENAPATI MANIPUR,"Electronics and Communication Engineering (4 Years, Bachelor of Technology)",110,22,132
INDIAN INSTITUTE OF INFORMATION TECHNOLOGY SENAPATI MANIPUR,"Computer Science and Engineering with specialization in Quantum Technologies (4 Years, Bachelor of Technology)",55,11,66
INDIAN INSTITUTE OF INFORMATION TECHNOLOGY SENAPATI MANIPUR,"Computer Science and Engineering with specialization in Cyber Security (4 Years, Bachelor of Technology)",55,11,66
Indian Institute of Information Technology Tiruchirappalli,"Computer Science and Engineering (4 Years, Bachelor of Technology)",75,0,75
Indian Institute of Information Technology Tiruchirappalli,"Electronics and Communication Engineering (4 Years, Bachelor of Technology)",75,0,75
Indian Institute of Information Technology Tiruchirappalli,"Computer Science and Engineering ( Artificial Intelligence & Data Science) (4 Years, Bachelor of Technology)",38,0,38
Indian Institute of Information Technology Tiruchirappalli,"Electronics and Communication Engineering (VLSI Design) (4 Years, Bachelor of Technology)",37,0,37
Indian Institute of Information Technology Lucknow,"Computer Science and Business (4 Years, Bachelor of Technology)",60,0,60
Indian Institute of Information Technology Lucknow,"Information Technology (4 Years, Bachelor of Technology)",60,0,60
Indian Institute of Information Technology Lucknow,"Computer Science (4 Years, Bachelor of Technology)",60,0,60
Indian Institute of Information Technology Lucknow,"Computer Science and Artificial Intelligence (4 Years, Bachelor of Technology)",60,0,60
Indian Institute of Information Technology(IIIT) Dharwad,"Computer Science and Engineering (4 Years, Bachelor of Technology)",200,40,240
Indian Institute of Information Technology(IIIT) Dharwad,"Electronics and Communication Engineering (4 Years, Bachelor of Technology)",85,17,102
Indian Institute of Information Technology(IIIT) Dharwad,"Data Science and Artificial Intelligence (4 Years, Bachelor of Technology)",120,24,144
"Indian Institute of Information Technology Design & Manufacturing Kurnool, Andhra Pradesh","Computer Science and Engineering (4 Years, Bachelor of Technology)",70,0,70
"Indian Institute of Information Technology Design & Manufacturing Kurnool, Andhra Pradesh","Electronics and Communication Engineering with specialization in Design and Manufacturing (4 Years, Bachelor of Technology)",60,7,67
"Indian Institute of Information Technology Design & Manufacturing Kurnool, Andhra Pradesh","Mechanical Engineering with specialization in Design and Manufacturing (4 Years, Bachelor of Technology)",60,7,67
"Indian Institute of Information Technology Design & Manufacturing Kurnool, Andhra Pradesh","Artificial Intelligence and Data Science (4 Years, Bachelor of Technology)",60,3,63
"Indian Institute of Information Technology Design & Manufacturing Kurnool, Andhra Pradesh","Computer Science and Engineering (5 Years, Bachelor and Master of Technology (Dual Degree))",20,0,20
"Indian Institute of Information Technology Design & Manufacturing Kurnool, Andhra Pradesh","Mechanical Engineering (5 Years, Bachelor and Master of Technology (Dual Degree))",20,3,23
"Indian Institute of Information Technology Design & Manufacturing Kurnool, Andhra Pradesh","Electronics and Communication Engineering (5 Years, Bachelor and Master of Technology (Dual Degree))",20,1,21
Indian Institute of Information Technology(IIIT) Kottayam,"Computer Science and Engineering with specialization in Artificial Intelligence and Data Science (4 Years, Bachelor of Technology)",59,13,72
Indian Institute of Information Technology(IIIT) Kottayam,"Computer Science and Engineering (4 Years, Bachelor of Technology)",281,59,340
Indian Institute of Information Technology(IIIT) Kottayam,"Electronics and Communication Engineering (4 Years, Bachelor of Technology)",59,13,72
Indian Institute of Information Technology(IIIT) Kottayam,"Computer Science and Engineering with specialization in Cyber Security (4 Years, Bachelor of Technology)",59,13,72
Indian Institute of Information Technology (IIIT) Ranchi,"Computer Science and Engineering (4 Years, Bachelor of Technology)",120,0,120
Indian Institute of Information Technology (IIIT) Ranchi,"Electronics and Communication Engineering (4 Years, Bachelor of Technology)",90,0,90
Indian Institute of Information Technology (IIIT) Ranchi,"B.Tech in Mathematics and Computing (4 Years, Bachelor of Technology)",50,0,50
Indian Institute of Information Technology (IIIT) Ranchi,"Electronics and Communication Engineering (with Specialization of Embedded Systems and Internet of Things) (4 Years, B. Tech / B. Tech (Hons.))",30,0,30
Indian Institute of Information Technology (IIIT) Ranchi,"Computer Science and Engineering (with Specialization of Data Science and Artificial Intelligence) (4 Years, B. Tech / B. Tech (Hons.))",30,0,30
Indian Institute of Information Technology (IIIT) Nagpur,"Computer Science Engineering (Artificial lntelligence and Machine Learning) (4 Years, Bachelor of Technology)",72,0,72
Indian Institute of Information Technology (IIIT) Nagpur,"Computer Science Engineering (Data Science and Analytics) (4 Years, Bachelor of Technology)",72,0,72
Indian Institute of Information Technology (IIIT) Nagpur,"Computer Science Engineering (Human Computer lnteraction and Gaming Technology) (4 Years, Bachelor of Technology)",72,0,72
Indian Institute of Information Technology (IIIT) Nagpur,"Electronics and Communication Engineering (Internet of Things) (4 Years, Bachelor of Technology)",72,0,72
Indian Institute of Information Technology (IIIT) Nagpur,"Computer Science and Engineering (4 Years, Bachelor of Technology)",216,0,216
Indian Institute of Information Technology (IIIT) Nagpur,"Electronics and Communication Engineering (4 Years, Bachelor of Technology)",144,0,144
Indian Institute of Information Technology (IIIT) Pune,"Computer Science and Engineering (4 Years, Bachelor of Technology)",326,0,326
Indian Institute of Information Technology (IIIT) Pune,"Electronics and Communication Engineering (4 Years, Bachelor of Technology)",119,0,119
Indian Institute of Information Technology Bhagalpur,"Computer Science and Engineering (4 Years, Bachelor of Technology)",150,15,165
Indian Institute of Information Technology Bhagalpur,"Electronics and Communication Engineering (4 Years, Bachelor of Technology)",75,8,83
Indian Institute of Information Technology Bhagalpur,"Mechatronics and Automation Engineering (4 Years, Bachelor of Technology)",60,6,66
Indian Institute of Information Technology Bhagalpur,"Mathematics and Computing (4 Years, Bachelor of Technology)",27,3,30
Indian Institute of Information Technology Bhopal,"Computer Science and Engineering (Cyber Security) (4 Years, Bachelor of Technology)",60,0,60
Indian Institute of Information Technology Bhopal,"Computer Science and Engineering (4 Years, Bachelor of Technology)",180,0,180
Indian Institute of Information Technology Bhopal,"Electronics and Communication Engineering (4 Years, Bachelor of Technology)",100,0,100
Indian Institute of Information Technology Bhopal,"B.Tech in Mathematics and Computing (4 Years, Bachelor of Technology)",30,0,30
Indian Institute of Information Technology Bhopal,"Computer Science and Engineering (Cyber Physical System) (4 Years, Bachelor of Technology)",60,0,60
Indian Institute of Information Technology Bhopal,"Computer Science and Engineering (Data Science) (4 Years, Bachelor of Technology)",60,0,60
Indian Institute of Information Technology Bhopal,"Computer Science and Engineering (Artificial Intelligence) (4 Years, Bachelor of Technology)",60,0,60
Indian Institute of Information Technology Bhopal,"Physics and Computational Engineering (4 Years, Bachelor of Technology)",30,0,30
Indian Institute of Information Technology Bhopal,"Information Technology (4 Years, Bachelor of Technology)",125,0,125
Indian Institute of Information Technology Surat,"Computer Science and Engineering (Cyber Security) (4 Years, Bachelor of Technology)",30,6,36
Indian Institute of Information Technology Surat,"Computer Science and Engineering (Artificial Intelligence and Machine Learning) (4 Years, Bachelor of Technology)",30,6,36
Indian Institute of Information Technology Surat,"Computer Science and Engineering (4 Years, Bachelor of Technology)",100,20,120
Indian Institute of Information Technology Surat,"Electronics and Communication Engineering (4 Years, Bachelor of Technology)",75,15,90
"Indian Institute of Information Technology, Agartala","Computer Science and Engineering (4 Years, Bachelor of Technology)",80,20,100
"Indian institute of information technology, Raichur, Karnataka","Computer Science and Engineering (4 Years, Bachelor of Technology)",80,0,80
"Indian institute of information technology, Raichur, Karnataka","Mathematics and Computing (4 Years, Bachelor of Technology)",60,0,60
"Indian institute of information technology, Raichur, Karnataka","Artificial Intelligence and Data Science (4 Years, Bachelor of Technology)",80,0,80
"Indian Institute of Information Technology, Vadodara International Campus Diu (IIITVICD)","Computer Science and Engineering (4 Years, Bachelor of Technology)",89,19,108
"Indian Institute of Information Technology, Vadodara International Campus Diu (IIITVICD)","Electronics and Communication Engineering (4 Years, Bachelor of Technology)",48,12,60
"Indian Institute of Information Technology, Vadodara International Campus Diu (IIITVICD)","Artificial Intelligence (4 Years, Bachelor of Technology)",48,12,60
"Assam University, Silchar","Computer Science and Engineering (4 Years, Bachelor of Technology)",29,0,29
"Assam University, Silchar","Computer Science and Engineering (4 Years, Bachelor of Technology)",31,0,31
"Assam University, Silchar","Electronics and Communication Engineering (4 Years, Bachelor of Technology)",29,0,29
"Assam University, Silchar","Electronics and Communication Engineering (4 Years, Bachelor of Technology)",31,0,31
"Assam University, Silchar","Agricultural Engineering (4 Years, Bachelor of Technology)",29,0,29
"Assam University, Silchar","Agricultural Engineering (4 Years, Bachelor of Technology)",31,0,31
"Birla Institute of Technology, Mesra, Ranchi","Bio Technology (4 Years, Bachelor of Technology)",18,1,19
"Birla Institute of Technology, Mesra, Ranchi","Bio Technology (4 Years, Bachelor of Technology)",16,2,18
"Birla Institute of Technology, Mesra, Ranchi","Chemical Engineering (4 Years, Bachelor of Technology)",75,6,81
"Birla Institute of Technology, Mesra, Ranchi","Chemical Engineering (4 Years, Bachelor of Technology)",64,6,70
"Birla Institute of Technology, Mesra, Ranchi","Civil Engineering (4 Years, Bachelor of Technology)",37,3,40
"Birla Institute of Technology, Mesra, Ranchi","Civil Engineering (4 Years, Bachelor of Technology)",32,3,35
"Birla Institute of Technology, Mesra, Ranchi","Artificial Intelligence and Machine Learning (4 Years, Bachelor of Technology)",37,3,40
"Birla Institute of Technology, Mesra, Ranchi","Artificial Intelligence and Machine Learning (4 Years, Bachelor of Technology)",32,3,35
"Birla Institute of Technology, Mesra, Ranchi","Computer Science and Engineering (4 Years, Bachelor of Technology)",107,9,116
"Birla Institute of Technology, Mesra, Ranchi","Computer Science and Engineering (4 Years, Bachelor of Technology)",92,9,101
"Birla Institute of Technology, Mesra, Ranchi","Electronics and Communication Engineering (4 Years, Bachelor of Technology)",107,9,116
"Birla Institute of Technology, Mesra, Ranchi","Electronics and Communication Engineering (4 Years, Bachelor of Technology)",92,9,101
"Birla Institute of Technology, Mesra, Ranchi","Mechanical Engineering (4 Years, Bachelor of Technology)",72,6,78
"Birla Institute of Technology, Mesra, Ranchi","Mechanical Engineering (4 Years, Bachelor of Technology)",61,6,67
"Birla Institute of Technology, Mesra, Ranchi","Production and Industrial Engineering (4 Years, Bachelor of Technology)",37,3,40
"Birla Institute of Technology, Mesra, Ranchi","Production and Industrial Engineering (4 Years, Bachelor of Technology)",32,3,35
"Birla Institute of Technology, Mesra, Ranchi","Electrical and Electronics Engineering (4 Years, Bachelor of Technology)",55,4,59
"Birla Institute of Technology, Mesra, Ranchi","Electrical and Electronics Engineering (4 Years, Bachelor of Technology)",47,5,52
"Birla Institute of Technology, Mesra, Ranchi","Food Engineering and Technology (4 Years, Bachelor of Technology)",19,1,20
"Birla Institute of Technology, Mesra, Ranchi","Food Engineering and Technology (4 Years, Bachelor of Technology)",16,2,18
"Birla Institute of Technology, Mesra, Ranchi","Architecture (5 Years, Bachelor of Architecture)",10,0,10
"Birla Institute of Technology, Mesra, Ranchi","Architecture (5 Years, Bachelor of Architecture)",8,0,8
"Birla Institute of Technology, Mesra, Ranchi","Mathematics and Computing (5 Years, Integrated Master of Science)",38,3,41
"Birla Institute of Technology, Mesra, Ranchi","Mathematics and Computing (5 Years, Integrated Master of Science)",33,3,36
"Birla Institute of Technology, Mesra, Ranchi","Physics (5 Years, Integrated Master of Science)",19,1,20
"Birla Institute of Technology, Mesra, Ranchi","Physics (5 Years, Integrated Master of Science)",16,2,18
"Birla Institute of Technology, Mesra, Ranchi","Quantitative Economics & Data Science (5 Years, Integrated Master of Science)",19,1,20
"Birla Institute of Technology, Mesra, Ranchi","Quantitative Economics & Data Science (5 Years, Integrated Master of Science)",16,2,18
"Gurukula Kangri Vishwavidyalaya, Haridwar","Computer Science and Engineering (4 Years, Bachelor of Technology)",200,0,200
"Gurukula Kangri Vishwavidyalaya, Haridwar","Electrical Engineering (4 Years, Bachelor of Technology)",115,0,115
"Gurukula Kangri Vishwavidyalaya, Haridwar","Electronics and Communication Engineering (4 Years, Bachelor of Technology)",115,0,115
"Gurukula Kangri Vishwavidyalaya, Haridwar","Mechanical Engineering (4 Years, Bachelor of Technology)",115,0,115
"Indian Institute of Carpet Technology, Bhadohi","Carpet and Textile Technology (4 Years, Bachelor of Technology)",30,6,36
"Institute of Infrastructure, Technology, Research and Management-Ahmedabad","Civil Engineering (4 Years, Bachelor of Technology)",54,0,54
"Institute of Infrastructure, Technology, Research and Management-Ahmedabad","Electrical Engineering (4 Years, Bachelor of Technology)",48,0,48
"Institute of Infrastructure, Technology, Research and Management-Ahmedabad","Mechanical Engineering (4 Years, Bachelor of Technology)",48,0,48
"Institute of Infrastructure, Technology, Research and Management-Ahmedabad","Computer Engineering (4 Years, Bachelor of Technology)",42,0,42
"School of Studies of Engineering and Technology, Guru Ghasidas Vishwavidyalaya, Bilaspur","Chemical Engineering (4 Years, Bachelor of Technology)",60,0,60
"School of Studies of Engineering and Technology, Guru Ghasidas Vishwavidyalaya, Bilaspur","Civil Engineering (4 Years, Bachelor of Technology)",60,0,60
"School of Studies of Engineering and Technology, Guru Ghasidas Vishwavidyalaya, Bilaspur","Computer Science and Engineering (4 Years, Bachelor of Technology)",90,0,90
"School of Studies of Engineering and Technology, Guru Ghasidas Vishwavidyalaya, Bilaspur","Electrical Engineering (4 Years, Bachelor of Technology)",60,0,60
"School of Studies of Engineering and Technology, Guru Ghasidas Vishwavidyalaya, Bilaspur","Electronics and Communication Engineering (4 Years, Bachelor of Technology)",90,0,90
"School of Studies of Engineering and Technology, Guru Ghasidas Vishwavidyalaya, Bilaspur","Mechanical Engineering (4 Years, Bachelor of Technology)",60,0,60
"School of Studies of Engineering and Technology, Guru Ghasidas Vishwavidyalaya, Bilaspur","Animation and VFX (4 Years, Bachelor of Technology)",60,0,60
"School of Studies of Engineering and Technology, Guru Ghasidas Vishwavidyalaya, Bilaspur","Information Technology (4 Years, Bachelor of Technology)",90,0,90
"School of Studies of Engineering and Technology, Guru Ghasidas Vishwavidyalaya, Bilaspur","Industrial and Production Engineering (4 Years, Bachelor of Technology)",60,0,60
"School of Studies of Engineering and Technology, Guru Ghasidas Vishwavidyalaya, Bilaspur","Artificial Intelligence and Data Science (4 Years, Bachelor of Technology)",60,0,60
"J.K. Institute of Applied Physics & Technology, Department of Electronics & Communication, University of Allahabad- Allahabad","Electronics and Communication Engineering (4 Years, Bachelor of Technology)",56,0,56
"J.K. Institute of Applied Physics & Technology, Department of Electronics & Communication, University of Allahabad- Allahabad","Computer Science and Engineering with Major in Artificial Intelligence (4 Years, Bachelor of Technology)",30,0,30
"National Institute of Electronics and Information Technology, Aurangabad (Maharashtra)","Computer Science and Engineering (4 Years, Bachelor of Technology)",60,0,60
"National Institute of Electronics and Information Technology, Aurangabad (Maharashtra)","Electronic Engineering (4 Years, Bachelor of Technology)",60,0,60
"National Institute of Advanced Manufacturing Technology, Ranchi","Mechanical Engineering (4 Years, Bachelor of Technology)",77,1,78
"National Institute of Advanced Manufacturing Technology, Ranchi","Production and Industrial Engineering (4 Years, Bachelor of Technology)",70,0,70
"National Institute of Advanced Manufacturing Technology, Ranchi","Computer Engineering (4 Years, Bachelor of Technology)",56,4,60
"National Institute of Advanced Manufacturing Technology, Ranchi","Metallurgy and Materials Engineering (4 Years, Bachelor of Technology)",82,1,83
Sant Longowal Institute of Engineering and Technology,"Chemical Engineering (4 Years, Bachelor of Technology)",47,0,47
Sant Longowal Institute of Engineering and Technology,"Civil Engineering (4 Years, Bachelor of Technology)",38,0,38
Sant Longowal Institute of Engineering and Technology,"Computer Science and Engineering (4 Years, Bachelor of Technology)",95,0,95
Sant Longowal Institute of Engineering and Technology,"Electrical Engineering (4 Years, Bachelor of Technology)",47,0,47
Sant Longowal Institute of Engineering and Technology,"Electronics and Communication Engineering (4 Years, Bachelor of Technology)",47,0,47
Sant Longowal Institute of Engineering and Technology,"Mechanical Engineering (4 Years, Bachelor of Technology)",99,0,99
Sant Longowal Institute of Engineering and Technology,"Instrumentation and Control Engineering (4 Years, Bachelor of Technology)",47,0,47
Sant Longowal Institute of Engineering and Technology,"Food Technology (4 Years, Bachelor of Technology)",47,0,47
Sant Longowal Institute of Engineering and Technology,"Artificial Intelligence and Data Science (4 Years, Bachelor of Technology)",38,0,38
Sant Longowal Institute of Engineering and Technology,"Computer Science and Engineering (5 Years, Bachelor and Master of Technology (Dual Degree))",30,0,30
Sant Longowal Institute of Engineering and Technology,"Electrical Engineering (5 Years, Bachelor and Master of Technology (Dual Degree))",30,0,30
Sant Longowal Institute of Engineering and Technology,"Mechanical Engineering (5 Years, Bachelor and Master of Technology (Dual Degree))",30,0,30
Sant Longowal Institute of Engineering and Technology,"Chemistry (5 Years, Integrated Master of Science)",10,0,10
Sant Longowal Institute of Engineering and Technology,"Physics (5 Years, Integrated Master of Science)",10,0,10
Sant Longowal Institute of Engineering and Technology,"Mathematics (5 Years, Integrated Master of Science)",10,0,10
"Mizoram University, Aizawl","Civil Engineering (4 Years, Bachelor of Technology)",17,0,17
"Mizoram University, Aizawl","Electrical Engineering (4 Years, Bachelor of Technology)",17,0,17
"Mizoram University, Aizawl","Electronics and Communication Engineering (4 Years, Bachelor of Technology)",17,0,17
"Mizoram University, Aizawl","Information Technology (4 Years, Bachelor of Technology)",17,0,17
"Mizoram University, Aizawl","Computer Engineering (4 Years, Bachelor of Technology)",17,0,17
"Mizoram University, Aizawl","Architecture (5 Years, Bachelor of Architecture)",11,0,11
"School of Engineering, Tezpur University, Napaam, Tezpur","Civil Engineering (4 Years, Bachelor of Technology)",25,0,25
"School of Engineering, Tezpur University, Napaam, Tezpur","Computer Science and Engineering (4 Years, Bachelor of Technology)",25,0,25
"School of Engineering, Tezpur University, Napaam, Tezpur","Electrical Engineering (4 Years, Bachelor of Technology)",13,0,13
"School of Engineering, Tezpur University, Napaam, Tezpur","Electronics and Communication Engineering (4 Years, Bachelor of Technology)",25,0,25
"School of Engineering, Tezpur University, Napaam, Tezpur","Mechanical Engineering (4 Years, Bachelor of Technology)",25,0,25
"School of Engineering, Tezpur University, Napaam, Tezpur","Food Engineering and Technology (4 Years, Bachelor of Technology)",20,0,20
"School of Engineering, Tezpur University, Napaam, Tezpur","Bachelor of Design (4 Years, Bachelor of Design)",2,0,2
"School of Engineering, Tezpur University, Napaam, Tezpur","B.Tech. (Civil Engineering) - MBA (5 Years, Bachelor of Technology and MBA (Dual Degree))",5,0,5
"School of Engineering, Tezpur University, Napaam, Tezpur","B.Tech. (Computer Science and Engineering) - MBA (5 Years, Bachelor of Technology and MBA (Dual Degree))",5,0,5
"School of Engineering, Tezpur University, Napaam, Tezpur","B.Tech. (Elctrical Engineering) - MBA (5 Years, Bachelor of Technology and MBA (Dual Degree))",5,0,5
"School of Engineering, Tezpur University, Napaam, Tezpur","B.Tech. (Electronics and Communication Engineering) - MBA (5 Years, Bachelor of Technology and MBA (Dual Degree))",5,0,5
"School of Engineering, Tezpur University, Napaam, Tezpur","B.Tech. (Food Engineering and Technology) - MBA (5 Years, Bachelor of Technology and MBA (Dual Degree))",5,0,5
"School of Engineering, Tezpur University, Napaam, Tezpur","B.Tech. (Mechanical Engineering) - MBA (5 Years, Bachelor of Technology and MBA (Dual Degree))",5,0,5
"School of Planning & Architecture, Bhopal","Planning (4 Years, Bachelor of Planning)",38,0,38
"School of Planning & Architecture, Bhopal","Architecture (5 Years, Bachelor of Architecture)",94,0,94
"School of Planning & Architecture, New Delhi","Planning (4 Years, Bachelor of Planning)",43,0,43
"School of Planning & Architecture, New Delhi","Architecture (5 Years, Bachelor of Architecture)",132,0,132
School of Planning & Architecture: Vijayawada,"Planning (4 Years, Bachelor of Planning)",38,0,38
School of Planning & Architecture: Vijayawada,"Architecture (5 Years, Bachelor of Architecture)",94,0,94
"Shri Mata Vaishno Devi University, Katra, Jammu & Kashmir","Bio Technology (4 Years, Bachelor of Technology)",10,0,10
"Shri Mata Vaishno Devi University, Katra, Jammu & Kashmir","Civil Engineering (4 Years, Bachelor of Technology)",30,0,30
"Shri Mata Vaishno Devi University, Katra, Jammu & Kashmir","Computer Science and Engineering (4 Years, Bachelor of Technology)",90,0,90
"Shri Mata Vaishno Devi University, Katra, Jammu & Kashmir","Electrical Engineering (4 Years, Bachelor of Technology)",30,0,30
"Shri Mata Vaishno Devi University, Katra, Jammu & Kashmir","Electronics and Communication Engineering (4 Years, Bachelor of Technology)",90,0,90
"Shri Mata Vaishno Devi University, Katra, Jammu & Kashmir","B.Tech in Mathematics and Computing (4 Years, Bachelor of Technology)",30,0,30
"Shri Mata Vaishno Devi University, Katra, Jammu & Kashmir","Mechanical Engineering (4 Years, Bachelor of Technology)",15,0,15
"Shri Mata Vaishno Devi University, Katra, Jammu & Kashmir","Robotics and AI (4 Years, Bachelor of Technology)",30,0,30
"Shri Mata Vaishno Devi University, Katra, Jammu & Kashmir","Architecture (5 Years, Bachelor of Architecture)",10,0,10
"International Institute of Information Technology, Naya Raipur","Computer Science and Engineering (4 Years, Bachelor of Technology)",31,8,39
"International Institute of Information Technology, Naya Raipur","Electronics and Communication Engineering (4 Years, Bachelor of Technology)",32,8,40
"International Institute of Information Technology, Naya Raipur","Data Science and Artificial Intelligence (4 Years, Bachelor of Technology)",32,8,40
University of Hyderabad,"Computer Science and Engineering (5 Years, Bachelor and Master of Technology (Dual Degree))",50,0,50
University of Hyderabad,"Materials Engineering (5 Years, Integrated Master of Technology)",60,0,60
"Punjab Engineering College, Chandigarh","Aerospace Engineering (4 Years, Bachelor of Technology)",12,0,12
"Punjab Engineering College, Chandigarh","Aerospace Engineering (4 Years, Bachelor of Technology)",13,0,13
"Punjab Engineering College, Chandigarh","Civil Engineering (4 Years, Bachelor of Technology)",54,0,54
"Punjab Engineering College, Chandigarh","Civil Engineering (4 Years, Bachelor of Technology)",56,0,56
"Punjab Engineering College, Chandigarh","Computer Science and Engineering (4 Years, Bachelor of Technology)",54,0,54
"Punjab Engineering College, Chandigarh","Computer Science and Engineering (4 Years, Bachelor of Technology)",56,0,56
"Punjab Engineering College, Chandigarh","Electrical Engineering (4 Years, Bachelor of Technology)",54,0,54
"Punjab Engineering College, Chandigarh","Electrical Engineering (4 Years, Bachelor of Technology)",56,0,56
"Punjab Engineering College, Chandigarh","Electronics and Communication Engineering (4 Years, Bachelor of Technology)",54,0,54
"Punjab Engineering College, Chandigarh","Electronics and Communication Engineering (4 Years, Bachelor of Technology)",56,0,56
"Punjab Engineering College, Chandigarh","Electronics Engineering (VLSI Design and Technology) (4 Years, Bachelor of Technology)",13,0,13
"Punjab Engineering College, Chandigarh","Electronics Engineering (VLSI Design and Technology) (4 Years, Bachelor of Technology)",14,0,14
"Punjab Engineering College, Chandigarh","Mathematics and Computing (4 Years, Bachelor of Technology)",13,0,13
"Punjab Engineering College, Chandigarh","Mathematics and Computing (4 Years, Bachelor of Technology)",14,0,14
"Punjab Engineering College, Chandigarh","Mechanical Engineering (4 Years, Bachelor of Technology)",54,0,54
"Punjab Engineering College, Chandigarh","Mechanical Engineering (4 Years, Bachelor of Technology)",56,0,56
"Punjab Engineering College, Chandigarh","Metallurgical and Materials Engineering (4 Years, Bachelor of Technology)",27,0,27
"Punjab Engineering College, Chandigarh","Metallurgical and Materials Engineering (4 Years, Bachelor of Technology)",28,0,28
"Punjab Engineering College, Chandigarh","Production and Industrial Engineering (4 Years, Bachelor of Technology)",18,0,18
"Punjab Engineering College, Chandigarh","Production and Industrial Engineering (4 Years, Bachelor of Technology)",19,0,19
"Punjab Engineering College, Chandigarh","Computer Science Engineering (Artificial Intelligence) (4 Years, B. Tech / B. Tech (Hons.))",12,0,12
"Punjab Engineering College, Chandigarh","Computer Science Engineering (Artificial Intelligence) (4 Years, B. Tech / B. Tech (Hons.))",13,0,13
"Punjab Engineering College, Chandigarh","Computer Science Engineering (Data Science) (4 Years, B. Tech / B. Tech (Hons.))",26,0,26
"Punjab Engineering College, Chandigarh","Computer Science Engineering (Data Science) (4 Years, B. Tech / B. Tech (Hons.))",28,0,28
"Jawaharlal Nehru University, Delhi","Computer Science and Engineering (4 Years, Bachelor of Technology)",63,0,63
"Jawaharlal Nehru University, Delhi","Electronics and Communication Engineering (4 Years, Bachelor of Technology)",63,0,63
"International Institute of Information Technology, Bhubaneswar","Computer Science and Engineering (4 Years, Bachelor of Technology)",75,0,75
"International Institute of Information Technology, Bhubaneswar","Electrical and Electronics Engineering (4 Years, Bachelor of Technology)",37,0,37
"International Institute of Information Technology, Bhubaneswar","Information Technology (4 Years, Bachelor of Technology)",37,0,37
"International Institute of Information Technology, Bhubaneswar","Computer Engineering (4 Years, Bachelor of Technology)",37,0,37
"International Institute of Information Technology, Bhubaneswar","Electronics and Telecommunication Engineering (4 Years, Bachelor of Technology)",37,0,37
"Central institute of Technology Kokrajar, Assam","Civil Engineering (4 Years, Bachelor of Technology)",4,1,5
"Central institute of Technology Kokrajar, Assam","Computer Science and Engineering (4 Years, Bachelor of Technology)",6,1,7
"Central institute of Technology Kokrajar, Assam","Electronics and Communication Engineering (4 Years, Bachelor of Technology)",3,1,4
"Central institute of Technology Kokrajar, Assam","Instrumentation Engineering (4 Years, Bachelor of Technology)",3,0,3
"Central institute of Technology Kokrajar, Assam","Food Engineering and Technology (4 Years, Bachelor of Technology)",4,1,5
"Puducherry Technological University, Puducherry","Chemical Engineering (4 Years, Bachelor of Technology)",6,0,6
"Puducherry Technological University, Puducherry","Chemical Engineering (4 Years, Bachelor of Technology)",0,0,0
"Puducherry Technological University, Puducherry","Civil Engineering (4 Years, Bachelor of Technology)",51,0,51
"Puducherry Technological University, Puducherry","Civil Engineering (4 Years, Bachelor of Technology)",15,0,15
"Puducherry Technological University, Puducherry","Computer Science and Engineering (4 Years, Bachelor of Technology)",51,0,51
"Puducherry Technological University, Puducherry","Computer Science and Engineering (4 Years, Bachelor of Technology)",15,0,15
"Puducherry Technological University, Puducherry","Electronics and Communication Engineering (4 Years, Bachelor of Technology)",51,0,51
"Puducherry Technological University, Puducherry","Electronics and Communication Engineering (4 Years, Bachelor of Technology)",15,0,15
"Puducherry Technological University, Puducherry","Mechanical Engineering (4 Years, Bachelor of Technology)",51,0,51
"Puducherry Technological University, Puducherry","Mechanical Engineering (4 Years, Bachelor of Technology)",15,0,15
"Puducherry Technological University, Puducherry","Electronics and Instrumentation Engineering (4 Years, Bachelor of Technology)",6,0,6
"Puducherry Technological University, Puducherry","Electronics and Instrumentation Engineering (4 Years, Bachelor of Technology)",0,0,0
"Puducherry Technological University, Puducherry","Electrical and Electronics Engineering (4 Years, Bachelor of Technology)",6,0,6
"Puducherry Technological University, Puducherry","Electrical and Electronics Engineering (4 Years, Bachelor of Technology)",0,0,0
"Puducherry Technological University, Puducherry","Information Technology (4 Years, Bachelor of Technology)",6,0,6
"Puducherry Technological University, Puducherry","Information Technology (4 Years, Bachelor of Technology)",0,0,0
"Puducherry Technological University, Puducherry","Mechatronics Engineering (4 Years, Bachelor of Technology)",22,0,22
"Puducherry Technological University, Puducherry","Mechatronics Engineering (4 Years, Bachelor of Technology)",7,0,7
"Ghani Khan Choudhary Institute of Engineering and Technology, Malda, West Bengal","Computer Science Engineering (Artificial lntelligence and Machine Learning) (4 Years, Bachelor of Technology)",19,1,20
"Ghani Khan Choudhary Institute of Engineering and Technology, Malda, West Bengal","Computer Science Engineering (Artificial lntelligence and Machine Learning) (4 Years, Bachelor of Technology)",19,2,21
"Ghani Khan Choudhary Institute of Engineering and Technology, Malda, West Bengal","Civil and Environmental Engineering (4 Years, Bachelor of Technology)",19,3,22
"Ghani Khan Choudhary Institute of Engineering and Technology, Malda, West Bengal","Civil and Environmental Engineering (4 Years, Bachelor of Technology)",19,3,22
"Ghani Khan Choudhary Institute of Engineering and Technology, Malda, West Bengal","Electrical Engineering (4 Years, Bachelor of Technology)",19,1,20
"Ghani Khan Choudhary Institute of Engineering and Technology, Malda, West Bengal","Electrical Engineering (4 Years, Bachelor of Technology)",18,1,19
"Ghani Khan Choudhary Institute of Engineering and Technology, Malda, West Bengal","Mechanical Engineering (4 Years, Bachelor of Technology)",19,2,21
"Ghani Khan Choudhary Institute of Engineering and Technology, Malda, West Bengal","Mechanical Engineering (4 Years, Bachelor of Technology)",18,1,19
"Ghani Khan Choudhary Institute of Engineering and Technology, Malda, West Bengal","Food Technology (4 Years, Bachelor of Technology)",18,0,18
"Ghani Khan Choudhary Institute of Engineering and Technology, Malda, West Bengal","Food Technology (4 Years, Bachelor of Technology)",19,0,19
"Central University of Rajasthan, Rajasthan","Computer Science and Engineering (4 Years, Bachelor of Technology)",30,0,30
"Central University of Rajasthan, Rajasthan","Electronics and Communication Engineering (4 Years, Bachelor of Technology)",30,0,30
"Central University of Rajasthan, Rajasthan","Bio Medical Engineering (4 Years, Bachelor of Technology)",30,0,30
"National Institute of Food Technology Entrepreneurship and Management, Kundli","Food Technology and Management (4 Years, Bachelor of Technology)",100,0,100
"National Institute of Food Technology Entrepreneurship and Management, Thanjavur","Food Technology (4 Years, Bachelor of Technology)",90,0,90
"North Eastern Regional Institute of Science and Technology, Nirjuli-791109 (Itanagar),Arunachal Pradesh","Civil Engineering (4 Years, Bachelor of Technology)",2,0,2
"North Eastern Regional Institute of Science and Technology, Nirjuli-791109 (Itanagar),Arunachal Pradesh","Computer Science and Engineering (4 Years, Bachelor of Technology)",6,0,6
"North Eastern Regional Institute of Science and Technology, Nirjuli-791109 (Itanagar),Arunachal Pradesh","Electrical Engineering (4 Years, Bachelor of Technology)",2,0,2
"North Eastern Regional Institute of Science and Technology, Nirjuli-791109 (Itanagar),Arunachal Pradesh","Electronics and Communication Engineering (4 Years, Bachelor of Technology)",2,0,2
"North Eastern Regional Institute of Science and Technology, Nirjuli-791109 (Itanagar),Arunachal Pradesh","Mechanical Engineering (4 Years, Bachelor of Technology)",2,0,2
"North Eastern Regional Institute of Science and Technology, Nirjuli-791109 (Itanagar),Arunachal Pradesh","Agricultural Engineering (4 Years, Bachelor of Technology)",2,0,2
"Indian Institute of Handloom Technology(IIHT), Varanasi","Handloom and Textile Technology (4 Years, Bachelor of Technology)",33,0,33
"Chhattisgarh Swami Vivekanada Technical University, Bhilai (CSVTU Bhilai)","Civil Engineering (4 Years, Bachelor of Technology)",30,0,30
"Chhattisgarh Swami Vivekanada Technical University, Bhilai (CSVTU Bhilai)","Computer Science Engineering (Artificial Intelligence) (4 Years, B. Tech / B. Tech (Hons.))",45,0,45
"Chhattisgarh Swami Vivekanada Technical University, Bhilai (CSVTU Bhilai)","Computer Science Engineering (Data Science) (4 Years, B. Tech / B. Tech (Hons.))",45,0,45
"Institute of Chemical Technology, Mumbai: Indian Oil Odisha Campus, Bhubaneswar","Chemical Engineering (5 Years, Integrated Masters in Technology)",46,0,46
"Institute of Chemical Technology, Mumbai: Indian Oil Odisha Campus, Bhubaneswar","Chemical Engineering (5 Years, Integrated Masters in Technology)",20,0,20
"North-Eastern Hill University, Shillong","Electronics and Communication Engineering (4 Years, Bachelor of Technology)",20,0,20
"North-Eastern Hill University, Shillong","Information Technology (4 Years, Bachelor of Technology)",20,0,20
"North-Eastern Hill University, Shillong","Biomedical Engineering (4 Years, Bachelor of Technology)",20,0,20
"North-Eastern Hill University, Shillong","Energy Engineering (4 Years, Bachelor of Technology)",20,0,20
Central University of Jammu,"Electronics and Communication Engineering (Avionics) (4 Years, Bachelor of Technology)",60,0,60
Central University of Jammu,"Computer Science and Engineering (4 Years, Bachelor of Technology)",60,0,60
Central University of Jammu,"Electronics and Communication Engineering (4 Years, Bachelor of Technology)",60,0,60
Central University of Jammu,"Mathematics and Computing (4 Years, Bachelor of Technology)",60,0,60
Central University of Jammu,"Computer Science and Engineering with specialization in Cyber Security (4 Years, Bachelor of Technology)",60,0,60
"Institute of Engineering and Technology, Dr. H. S. Gour University. Sagar (A Central University)","Computer Science and Engineering (4 Years, Bachelor of Technology)",60,0,60
"Institute of Engineering and Technology, Dr. H. S. Gour University. Sagar (A Central University)","Electronics and Communication Engineering (4 Years, Bachelor of Technology)",60,0,60
"Institute of Engineering and Technology, Dr. H. S. Gour University. Sagar (A Central University)","Aeronautical Engineering (4 Years, Bachelor of Technology)",60,0,60
"Institute of Engineering and Technology, Dr. H. S. Gour University. Sagar (A Central University)","Dairy Engineering (4 Years, Bachelor of Technology)",60,0,60
"Institute of Engineering and Technology, Dr. H. S. Gour University. Sagar (A Central University)","Fashion and Apparel Engineering (4 Years, Bachelor of Technology)",60,0,60
"Institute of Engineering and Technology, Dr. H. S. Gour University. Sagar (A Central University)","Food Engineering and Technology (4 Years, Bachelor of Technology)",60,0,60
Central University of Haryana,"Civil Engineering (4 Years, Bachelor of Technology)",60,0,60
Central University of Haryana,"Computer Science and Engineering (4 Years, Bachelor of Technology)",60,0,60
Central University of Haryana,"Electrical Engineering (4 Years, Bachelor of Technology)",60,0,60
Central University of Haryana,"Printing and Packaging Technology (4 Years, Bachelor of Technology)",30,0,30
"Birla Institute of Technology, Deoghar Off-Campus","Computer Science and Engineering (4 Years, Bachelor of Technology)",56,4,60
"Birla Institute of Technology, Deoghar Off-Campus","Computer Science and Engineering (4 Years, Bachelor of Technology)",48,5,53
"Birla Institute of Technology, Deoghar Off-Campus","Electronics and Communication Engineering (4 Years, Bachelor of Technology)",38,3,41
"Birla Institute of Technology, Deoghar Off-Campus","Electronics and Communication Engineering (4 Years, Bachelor of Technology)",33,3,36
"Birla Institute of Technology, Deoghar Off-Campus","Mechanical Engineering (4 Years, Bachelor of Technology)",19,1,20
"Birla Institute of Technology, Deoghar Off-Campus","Mechanical Engineering (4 Years, Bachelor of Technology)",16,2,18
"Birla Institute of Technology, Deoghar Off-Campus","Electrical and Electronics Engineering (4 Years, Bachelor of Technology)",38,3,41
"Birla Institute of Technology, Deoghar Off-Campus","Electrical and Electronics Engineering (4 Years, Bachelor of Technology)",33,3,36
"Birla Institute of Technology, Patna Off-Campus","Civil Engineering (4 Years, Bachelor of Technology)",37,3,40
"Birla Institute of Technology, Patna Off-Campus","Civil Engineering (4 Years, Bachelor of Technology)",28,3,31
"Birla Institute of Technology, Patna Off-Campus","Artificial Intelligence and Machine Learning (4 Years, Bachelor of Technology)",37,3,40
"Birla Institute of Technology, Patna Off-Campus","Artificial Intelligence and Machine Learning (4 Years, Bachelor of Technology)",28,3,31
"Birla Institute of Technology, Patna Off-Campus","Computer Science and Engineering (4 Years, Bachelor of Technology)",37,3,40
"Birla Institute of Technology, Patna Off-Campus","Computer Science and Engineering (4 Years, Bachelor of Technology)",28,3,31
"Birla Institute of Technology, Patna Off-Campus","Electronics and Communication Engineering (4 Years, Bachelor of Technology)",37,3,40
"Birla Institute of Technology, Patna Off-Campus","Electronics and Communication Engineering (4 Years, Bachelor of Technology)",28,3,31
"Birla Institute of Technology, Patna Off-Campus","Mechanical Engineering (4 Years, Bachelor of Technology)",37,3,40
"Birla Institute of Technology, Patna Off-Campus","Mechanical Engineering (4 Years, Bachelor of Technology)",28,3,31
"Birla Institute of Technology, Patna Off-Campus","Electrical and Electronics Engineering (4 Years, Bachelor of Technology)",37,3,40
"Birla Institute of Technology, Patna Off-Campus","Electrical and Electronics Engineering (4 Years, Bachelor of Technology)",28,3,31
"Birla Institute of Technology, Patna Off-Campus","Mathematics and Computing (5 Years, Integrated Master of Science)",19,1,20
"Birla Institute of Technology, Patna Off-Campus","Mathematics and Computing (5 Years, Integrated Master of Science)",15,2,17
"Indian Institute of Handloom Technology, Salem","Handloom and Textile Technology (4 Years, Bachelor of Technology)",30,0,30
"Gati Shakti Vishwavidyalaya, Vadodara","B.Tech in Electronics & Communication Engineering (Rail Engineering) (4 Years, Bachelor of Technology)",60,9,69
"Gati Shakti Vishwavidyalaya, Vadodara","B.Tech in Electrical Engineering ( Rail Engineering) (4 Years, Bachelor of Technology)",60,0,60
"Gati Shakti Vishwavidyalaya, Vadodara","B.Tech in Mechanical Engineering ( Rail Engineering) (4 Years, Bachelor of Technology)",60,5,65
"Gati Shakti Vishwavidyalaya, Vadodara","B.Tech in Civil Engineering (Rail Engineering) (4 Years, Bachelor of Technology)",60,8,68
"Gati Shakti Vishwavidyalaya, Vadodara","B.Tech in Artificial Intelligenece and Data Science (Transportation and Logistics) (4 Years, Bachelor of Technology)",60,4,64
"Gati Shakti Vishwavidyalaya, Vadodara","B.Tech in Aviation Engineering (4 Years, Bachelor of Technology)",40,0,40
CU Jharkhand,"Civil Engineering (4 Years, Bachelor of Technology)",21,0,21
CU Jharkhand,"Computer Science and Engineering (4 Years, Bachelor of Technology)",21,0,21
CU Jharkhand,"Electrical Engineering (4 Years, Bachelor of Technology)",21,0,21
CU Jharkhand,"Metallurgical and Materials Engineering (4 Years, Bachelor of Technology)",21,0,21
"National Institute of Electronics and Information Technology, Ropar (Punjab)","B.Tech in CSE (AI and ML) (4 Years, Bachelor of Technology)",60,0,60
"National Institute of Electronics and Information Technology, Patna (Bihar)","Computer Science and Engineering (4 Years, Bachelor of Technology)",60,0,60
"National Institute of Electronics and Information Technology, Ajmer (Rajasthan)","Computer Science and Engineering (Internet of Things, Cyber Security including Block Chain Technology ) (4 Years, Bachelor of Technology)",60,0,60
"National Institute of Electronics and Information Technology, Gorakhpur (UP)","Computer Science and Engineering with minor in AI and ML (4 Years, Bachelor of Technology)",60,0,60
"National Institute of Electronics and Information Technology, Gorakhpur (UP)","B. Tech in Electronics and Communication Engineering with minor in Wearable Electronics (4 Years, Bachelor of Technology)",60,0,60
"Rajiv Gandhi National Aviation University, Fursatganj, Amethi (UP)","Aerospace Engineering (4 Years, Bachelor of Technology)",60,0,60
"Rajiv Gandhi National Aviation University, Fursatganj, Amethi (UP)","Electronics and Communication Engineering (Avionics) (4 Years, Bachelor of Technology)",60,0,60
Islamic University of Science and Technology Kashmir,"Architecture (5 Years, Bachelor of Architecture)",10,0,10
Islamic University of Science and Technology Kashmir,"Architecture (5 Years, Bachelor of Architecture)",10,0,10
Shri G. S. Institute of Technology and Science Indore,"Civil Engineering (4 Years, Bachelor of Technology)",4,0,4
Shri G. S. Institute of Technology and Science Indore,"Computer Science and Engineering (4 Years, Bachelor of Technology)",6,0,6
Shri G. S. Institute of Technology and Science Indore,"Electrical Engineering (4 Years, Bachelor of Technology)",5,0,5
Shri G. S. Institute of Technology and Science Indore,"Mechanical Engineering (4 Years, Bachelor of Technology)",5,0,5
Shri G. S. Institute of Technology and Science Indore,"Electronics and Instrumentation Engineering (4 Years, Bachelor of Technology)",5,0,5
Shri G. S. Institute of Technology and Science Indore,"Information Technology (4 Years, Bachelor of Technology)",6,0,6
Shri G. S. Institute of Technology and Science Indore,"Industrial and Production Engineering (4 Years, Bachelor of Technology)",4,0,4
Shri G. S. Institute of Technology and Science Indore,"Electronics and Telecommunication Engineering (4 Years, Bachelor of Technology)",5,0,5
Shri G. S. Institute of Technology and Science Indore,"Biomedical Engineering (4 Years, Bachelor of Technology)",3,0,3
,,59543,3310,62853
