Institute Name,Program Name,2024-25 Seat Capacity,2024-25 Female Supernumerary,12-25-23,2025-26 Seat Capacity,2025-26 Female Supernumerary,12-26-24,Difference
"National Institute of Advanced Manufacturing Technology, Ranchi","Computer Engineering (4 Years, Bachelor of Technology)",0,0,0,56,4,60,60
"National Institute of Advanced Manufacturing Technology, Ranchi","Mechanical Engineering (4 Years, Bachelor of Technology)",0,0,0,77,1,78,78
"National Institute of Advanced Manufacturing Technology, Ranchi","Metallurgy and Materials Engineering (4 Years, Bachelor of Technology)",0,0,0,82,1,83,83
"National Institute of Advanced Manufacturing Technology, Ranchi","Production and Industrial Engineering (4 Years, Bachelor of Technology)",0,0,0,70,0,70,70
"National Institute of Electronics and Information Technology, Ajmer (Rajasthan)","Computer Science and Engineering (Internet of Things, Cyber Security including Block Chain Technology ) (4 Years, Bachelor of Technology)",0,0,0,60,0,60,60
"National Institute of Electronics and Information Technology, Aurangabad (Maharashtra)","Computer Science and Engineering (4 Years, Bachelor of Technology)",0,0,0,60,0,60,60
"National Institute of Electronics and Information Technology, Aurangabad (Maharashtra)","Electronic Engineering (4 Years, Bachelor of Technology)",0,0,0,60,0,60,60
"National Institute of Electronics and Information Technology, Gorakhpur (UP)","B. Tech in Electronics and Communication Engineering with minor in Wearable Electronics (4 Years, Bachelor of Technology)",0,0,0,60,0,60,60
"National Institute of Electronics and Information Technology, Gorakhpur (UP)","Computer Science and Engineering with minor in AI and ML (4 Years, Bachelor of Technology)",0,0,0,60,0,60,60
"National Institute of Electronics and Information Technology, Patna (Bihar)","Computer Science and Engineering (4 Years, Bachelor of Technology)",0,0,0,60,0,60,60
"National Institute of Electronics and Information Technology, Ropar (Punjab)","B.Tech in CSE (AI and ML) (4 Years, Bachelor of Technology)",0,0,0,60,0,60,60
"National Institute of Food Technology Entrepreneurship and Management, Kundli","Food Technology and Management (4 Years, Bachelor of Technology)",0,0,0,100,0,100,100
"National Institute of Food Technology Entrepreneurship and Management, Thanjavur","Food Technology (4 Years, Bachelor of Technology)",0,0,0,90,0,90,90
National Institute of Technology,"Civil Engineering (4 Years, Bachelor of Technology) PUDUCHERRY (UT) ANDAMAN & NICOBAR ISLANDS (UT)",22,0,22,0,0,0,-22
National Institute of Technology Agartala,"Biotechnology and Biochemical Engineering (4 Years, Bachelor of Technology) Other than TRIPURA",19,6,25,23,7,30,5
National Institute of Technology Agartala,"Biotechnology and Biochemical Engineering (4 Years, Bachelor of Technology) TRIPURA",19,6,25,23,7,30,5
National Institute of Technology Agartala,"Chemical Engineering (4 Years, Bachelor of Technology) Other than TRIPURA",30,8,38,36,9,45,7
National Institute of Technology Agartala,"Chemical Engineering (4 Years, Bachelor of Technology) TRIPURA",29,8,37,37,8,45,8
National Institute of Technology Agartala,"Chemistry (5 Years, Bachelor of Science and Master of Science (Dual Degree)) Other than TRIPURA",13,0,13,20,0,20,7
National Institute of Technology Agartala,"Chemistry (5 Years, Bachelor of Science and Master of Science (Dual Degree)) TRIPURA",12,0,12,20,0,20,8
National Institute of Technology Agartala,"Civil Engineering (4 Years, Bachelor of Technology) Other than TRIPURA",46,13,59,47,13,60,1
National Institute of Technology Agartala,"Civil Engineering (4 Years, Bachelor of Technology) TRIPURA",46,13,59,47,13,60,1
National Institute of Technology Agartala,"Computational Mathematics (5 Years, Bachelor and Master of Technology (Dual Degree)) Other than TRIPURA",13,0,13,13,0,13,0
National Institute of Technology Agartala,"Computational Mathematics (5 Years, Bachelor and Master of Technology (Dual Degree)) TRIPURA",0,0,0,12,0,12,12
National Institute of Technology Agartala,"Computational Mathematics (5 Years, Bachelor of Technology) TRIPURA",12,0,12,0,0,0,-12
National Institute of Technology Agartala,"Computer Science and Engineering (4 Years, Bachelor of Technology) Other than TRIPURA",58,17,75,71,19,90,15
National Institute of Technology Agartala,"Computer Science and Engineering (4 Years, Bachelor of Technology) TRIPURA",59,16,75,73,17,90,15
National Institute of Technology Agartala,"Electrical Engineering (4 Years, Bachelor of Technology) Other than TRIPURA",50,13,63,47,13,60,-3
National Institute of Technology Agartala,"Electrical Engineering (4 Years, Bachelor of Technology) TRIPURA",48,14,62,46,14,60,-2
National Institute of Technology Agartala,"Electronics and Communication Engineering (4 Years, Bachelor of Technology) Other than TRIPURA",51,13,64,47,13,60,-4
National Institute of Technology Agartala,"Electronics and Communication Engineering (4 Years, Bachelor of Technology) TRIPURA",49,15,64,45,15,60,-4
National Institute of Technology Agartala,"Electronics and Instrumentation Engineering (4 Years, Bachelor of Technology) Other than TRIPURA",30,8,38,36,9,45,7
National Institute of Technology Agartala,"Electronics and Instrumentation Engineering (4 Years, Bachelor of Technology) TRIPURA",29,8,37,35,10,45,8
National Institute of Technology Agartala,"Engineering Physics (5 Years, Bachelor and Master of Technology (Dual Degree)) Other than TRIPURA",13,0,13,13,0,13,0
National Institute of Technology Agartala,"Engineering Physics (5 Years, Bachelor and Master of Technology (Dual Degree)) TRIPURA",12,0,12,12,0,12,0
National Institute of Technology Agartala,"Mathematics & Computing (5 Years, Bachelor of Science and Master of Science (Dual Degree)) Other than TRIPURA",13,0,13,20,0,20,7
National Institute of Technology Agartala,"Mathematics & Computing (5 Years, Bachelor of Science and Master of Science (Dual Degree)) TRIPURA",12,0,12,20,0,20,8
National Institute of Technology Agartala,"Mechanical Engineering (4 Years, Bachelor of Technology) Other than TRIPURA",50,13,63,47,13,60,-3
National Institute of Technology Agartala,"Mechanical Engineering (4 Years, Bachelor of Technology) TRIPURA",48,14,62,46,14,60,-2
National Institute of Technology Agartala,"Physics (5 Years, Bachelor of Science and Master of Science (Dual Degree)) Other than TRIPURA",13,0,13,20,0,20,7
National Institute of Technology Agartala,"Physics (5 Years, Bachelor of Science and Master of Science (Dual Degree)) TRIPURA",12,0,12,20,0,20,8
National Institute of Technology Agartala,"Production Engineering (4 Years, Bachelor of Technology) Other than TRIPURA",45,12,57,33,12,45,-12
National Institute of Technology Agartala,"Production Engineering (4 Years, Bachelor of Technology) TRIPURA",44,12,56,33,12,45,-11
National Institute of Technology Arunachal Pradesh,"Biosciences and Bioengineering (4 Years, Bachelor of Technology) ARUNACHAL PRADESH",0,0,0,10,0,10,10
National Institute of Technology Arunachal Pradesh,"Biosciences and Bioengineering (4 Years, Bachelor of Technology) Other than ARUNACHAL PRADESH",0,0,0,10,0,10,10
National Institute of Technology Arunachal Pradesh,"Civil Engineering (4 Years, Bachelor of Technology) ARUNACHAL PRADESH",16,0,16,21,0,21,5
National Institute of Technology Arunachal Pradesh,"Civil Engineering (4 Years, Bachelor of Technology) Other than ARUNACHAL PRADESH",16,0,16,21,0,21,5
National Institute of Technology Arunachal Pradesh,"Computer Science and Engineering (4 Years, Bachelor of Technology) ARUNACHAL PRADESH",16,0,16,21,0,21,5
National Institute of Technology Arunachal Pradesh,"Computer Science and Engineering (4 Years, Bachelor of Technology) Other than ARUNACHAL PRADESH",16,0,16,21,0,21,5
National Institute of Technology Arunachal Pradesh,"Electrical Engineering (4 Years, Bachelor of Technology) ARUNACHAL PRADESH",16,0,16,21,0,21,5
National Institute of Technology Arunachal Pradesh,"Electrical Engineering (4 Years, Bachelor of Technology) Other than ARUNACHAL PRADESH",16,0,16,21,0,21,5
National Institute of Technology Arunachal Pradesh,"Electronics and Communication Engineering (4 Years, Bachelor of Technology) ARUNACHAL PRADESH",16,0,16,21,0,21,5
National Institute of Technology Arunachal Pradesh,"Electronics and Communication Engineering (4 Years, Bachelor of Technology) Other than ARUNACHAL PRADESH",16,0,16,21,0,21,5
National Institute of Technology Arunachal Pradesh,"Mechanical Engineering (4 Years, Bachelor of Technology) ARUNACHAL PRADESH",16,0,16,21,0,21,5
National Institute of Technology Arunachal Pradesh,"Mechanical Engineering (4 Years, Bachelor of Technology) Other than ARUNACHAL PRADESH",16,0,16,21,0,21,5
National Institute of Technology Calicut,"Architecture (5 Years, Bachelor of Architecture) KERALA",29,0,29,30,0,30,1
National Institute of Technology Calicut,"Architecture (5 Years, Bachelor of Architecture) Other than KERALA",30,0,30,29,0,29,-1
National Institute of Technology Calicut,"Bio Technology (4 Years, Bachelor of Technology) KERALA",18,0,18,19,0,19,1
National Institute of Technology Calicut,"Bio Technology (4 Years, Bachelor of Technology) Other than KERALA",19,0,19,18,0,18,-1
National Institute of Technology Calicut,"Chemical Engineering (4 Years, Bachelor of Technology) KERALA",58,0,58,58,0,58,0
National Institute of Technology Calicut,"Chemical Engineering (4 Years, Bachelor of Technology) Other than KERALA",58,0,58,58,0,58,0
National Institute of Technology Calicut,"Civil Engineering (4 Years, Bachelor of Technology) KERALA",86,0,86,86,0,86,0
National Institute of Technology Calicut,"Civil Engineering (4 Years, Bachelor of Technology) Other than KERALA",86,0,86,86,0,86,0
National Institute of Technology Calicut,"Computer Science and Engineering (4 Years, Bachelor of Technology) KERALA",86,4,90,86,3,89,-1
National Institute of Technology Calicut,"Computer Science and Engineering (4 Years, Bachelor of Technology) Other than KERALA",86,3,89,86,3,89,0
National Institute of Technology Calicut,"Electrical and Electronics Engineering (4 Years, Bachelor of Technology) KERALA",86,0,86,86,0,86,0
National Institute of Technology Calicut,"Electrical and Electronics Engineering (4 Years, Bachelor of Technology) Other than KERALA",86,0,86,86,0,86,0
National Institute of Technology Calicut,"Electronics and Communication Engineering (4 Years, Bachelor of Technology) KERALA",86,1,87,86,0,86,-1
National Institute of Technology Calicut,"Electronics and Communication Engineering (4 Years, Bachelor of Technology) Other than KERALA",86,0,86,86,1,87,1
National Institute of Technology Calicut,"Energy Engineering (4 Years, Bachelor of Technology) KERALA",0,0,0,20,0,20,20
National Institute of Technology Calicut,"Energy Engineering (4 Years, Bachelor of Technology) Other than KERALA",0,0,0,20,0,20,20
National Institute of Technology Calicut,"Engineering Physics (4 Years, Bachelor of Technology) KERALA",18,0,18,19,0,19,1
National Institute of Technology Calicut,"Engineering Physics (4 Years, Bachelor of Technology) Other than KERALA",19,0,19,18,0,18,-1
National Institute of Technology Calicut,"Materials Science and Engineering (4 Years, Bachelor of Technology) KERALA",15,0,15,15,0,15,0
National Institute of Technology Calicut,"Materials Science and Engineering (4 Years, Bachelor of Technology) Other than KERALA",15,0,15,15,0,15,0
National Institute of Technology Calicut,"Mechanical Engineering (4 Years, Bachelor of Technology) KERALA",85,18,103,86,16,102,-1
National Institute of Technology Calicut,"Mechanical Engineering (4 Years, Bachelor of Technology) Other than KERALA",85,18,103,86,17,103,0
National Institute of Technology Calicut,"Production Engineering (4 Years, Bachelor of Technology) KERALA",30,0,30,29,0,29,-1
National Institute of Technology Calicut,"Production Engineering (4 Years, Bachelor of Technology) Other than KERALA",29,0,29,30,0,30,1
National Institute of Technology Delhi,"Aerospace Engineering (4 Years, Bachelor of Technology) DELHI (NCT) CHANDIGARH (UT)",12,0,12,12,0,12,0
National Institute of Technology Delhi,"Aerospace Engineering (4 Years, Bachelor of Technology) Other than DELHI (NCT) CHANDIGARH (UT)",12,0,12,12,0,12,0
National Institute of Technology Delhi,"Artificial Intelligence and Data Science (4 Years, Bachelor of Technology) DELHI (NCT) CHANDIGARH (UT)",10,0,10,10,0,10,0
National Institute of Technology Delhi,"Artificial Intelligence and Data Science (4 Years, Bachelor of Technology) Other than DELHI (NCT) CHANDIGARH (UT)",10,0,10,10,0,10,0
National Institute of Technology Delhi,"Civil Engineering (4 Years, Bachelor of Technology) DELHI (NCT) CHANDIGARH (UT)",13,0,13,13,0,13,0
National Institute of Technology Delhi,"Civil Engineering (4 Years, Bachelor of Technology) Other than DELHI (NCT) CHANDIGARH (UT)",12,0,12,12,0,12,0
National Institute of Technology Delhi,"Computer Science and Engineering (4 Years, Bachelor of Technology) DELHI (NCT) CHANDIGARH (UT)",60,0,60,60,0,60,0
National Institute of Technology Delhi,"Computer Science and Engineering (4 Years, Bachelor of Technology) Other than DELHI (NCT) CHANDIGARH (UT)",60,0,60,60,0,60,0
National Institute of Technology Delhi,"Electrical Engineering (4 Years, Bachelor of Technology) DELHI (NCT) CHANDIGARH (UT)",30,0,30,30,0,30,0
National Institute of Technology Delhi,"Electrical Engineering (4 Years, Bachelor of Technology) Other than DELHI (NCT) CHANDIGARH (UT)",30,0,30,30,0,30,0
National Institute of Technology Delhi,"Electronics and Communication Engineering (4 Years, Bachelor of Technology) DELHI (NCT) CHANDIGARH (UT)",30,0,30,30,0,30,0
National Institute of Technology Delhi,"Electronics and Communication Engineering (4 Years, Bachelor of Technology) Other than DELHI (NCT) CHANDIGARH (UT)",30,0,30,30,0,30,0
National Institute of Technology Delhi,"Mechanical Engineering (4 Years, Bachelor of Technology) DELHI (NCT) CHANDIGARH (UT)",20,0,20,20,0,20,0
National Institute of Technology Delhi,"Mechanical Engineering (4 Years, Bachelor of Technology) Other than DELHI (NCT) CHANDIGARH (UT)",20,0,20,20,0,20,0
National Institute of Technology Delhi,"VLSI Design and Technology (4 Years, Bachelor of Technology) DELHI (NCT) CHANDIGARH (UT)",13,0,13,13,0,13,0
National Institute of Technology Delhi,"VLSI Design and Technology (4 Years, Bachelor of Technology) Other than DELHI (NCT) CHANDIGARH (UT)",12,0,12,12,0,12,0
National Institute of Technology Durgapur,"B.Tech in Mathematics and Computing (4 Years, Bachelor of Technology) Other than WEST BENGAL",30,0,30,30,0,30,0
National Institute of Technology Durgapur,"B.Tech in Mathematics and Computing (4 Years, Bachelor of Technology) WEST BENGAL",30,0,30,30,0,30,0
National Institute of Technology Durgapur,"Bio Technology (4 Years, Bachelor of Technology) Other than WEST BENGAL",37,0,37,37,0,37,0
National Institute of Technology Durgapur,"Bio Technology (4 Years, Bachelor of Technology) WEST BENGAL",38,0,38,38,0,38,0
National Institute of Technology Durgapur,"Biotechnology (5 Years, Bachelor and Master of Technology (Dual Degree)) Other than WEST BENGAL",3,0,3,3,0,3,0
National Institute of Technology Durgapur,"Biotechnology (5 Years, Bachelor and Master of Technology (Dual Degree)) WEST BENGAL",4,0,4,4,0,4,0
National Institute of Technology Durgapur,"Chemical Engineering (4 Years, Bachelor of Technology) Other than WEST BENGAL",38,0,38,38,0,38,0
National Institute of Technology Durgapur,"Chemical Engineering (4 Years, Bachelor of Technology) WEST BENGAL",37,0,37,37,0,37,0
National Institute of Technology Durgapur,"Chemical Engineering (5 Years, Bachelor and Master of Technology (Dual Degree)) Other than WEST BENGAL",3,0,3,3,0,3,0
National Institute of Technology Durgapur,"Chemical Engineering (5 Years, Bachelor and Master of Technology (Dual Degree)) WEST BENGAL",4,0,4,4,0,4,0
National Institute of Technology Durgapur,"Chemistry (5 Years, Integrated Master of Science) Other than WEST BENGAL",10,0,10,10,0,10,0
National Institute of Technology Durgapur,"Chemistry (5 Years, Integrated Master of Science) WEST BENGAL",9,0,9,9,0,9,0
National Institute of Technology Durgapur,"Civil Engineering (4 Years, Bachelor of Technology) Other than WEST BENGAL",40,0,40,40,0,40,0
National Institute of Technology Durgapur,"Civil Engineering (4 Years, Bachelor of Technology) WEST BENGAL",40,0,40,40,0,40,0
National Institute of Technology Durgapur,"Computer Science and Engineering (4 Years, Bachelor of Technology) Other than WEST BENGAL",93,0,93,93,0,93,0
National Institute of Technology Durgapur,"Computer Science and Engineering (4 Years, Bachelor of Technology) WEST BENGAL",94,0,94,94,0,94,0
National Institute of Technology Durgapur,"Electrical Engineering (4 Years, Bachelor of Technology) Other than WEST BENGAL",50,0,50,50,0,50,0
National Institute of Technology Durgapur,"Electrical Engineering (4 Years, Bachelor of Technology) WEST BENGAL",50,0,50,50,0,50,0
National Institute of Technology Durgapur,"Electronics and Communication Engineering (4 Years, Bachelor of Technology) Other than WEST BENGAL",48,0,48,48,0,48,0
National Institute of Technology Durgapur,"Electronics and Communication Engineering (4 Years, Bachelor of Technology) WEST BENGAL",49,0,49,49,0,49,0
National Institute of Technology Durgapur,"Mechanical Engineering (4 Years, Bachelor of Technology) Other than WEST BENGAL",93,0,93,93,0,93,0
National Institute of Technology Durgapur,"Mechanical Engineering (4 Years, Bachelor of Technology) WEST BENGAL",94,0,94,94,0,94,0
National Institute of Technology Durgapur,"Metallurgical and Materials Engineering (4 Years, Bachelor of Technology) Other than WEST BENGAL",38,0,38,38,0,38,0
National Institute of Technology Durgapur,"Metallurgical and Materials Engineering (4 Years, Bachelor of Technology) WEST BENGAL",37,0,37,37,0,37,0
National Institute of Technology Goa,"Civil Engineering (4 Years, Bachelor of Technology) DAMAN & DIU (UT) DADRA & NAGAR HAVELI (UT) LAKSHADWEEP (UT)",4,0,4,4,0,4,0
National Institute of Technology Goa,"Civil Engineering (4 Years, Bachelor of Technology) GOA",14,0,14,14,0,14,0
National Institute of Technology Goa,"Civil Engineering (4 Years, Bachelor of Technology) Other than GOA DAMAN & DIU (UT) DADRA & NAGAR HAVELI (UT) LAKSHADWEEP (UT)",19,0,19,19,0,19,0
National Institute of Technology Goa,"Computer Science and Engineering (4 Years, Bachelor of Technology) DAMAN & DIU (UT) DADRA & NAGAR HAVELI (UT) LAKSHADWEEP (UT)",5,0,5,5,0,5,0
National Institute of Technology Goa,"Computer Science and Engineering (4 Years, Bachelor of Technology) GOA",20,0,20,20,0,20,0
National Institute of Technology Goa,"Computer Science and Engineering (4 Years, Bachelor of Technology) Other than GOA DAMAN & DIU (UT) DADRA & NAGAR HAVELI (UT) LAKSHADWEEP (UT)",25,0,25,25,0,25,0
National Institute of Technology Goa,"Electrical and Electronics Engineering (4 Years, Bachelor of Technology) DAMAN & DIU (UT) DADRA & NAGAR HAVELI (UT) LAKSHADWEEP (UT)",5,0,5,5,0,5,0
National Institute of Technology Goa,"Electrical and Electronics Engineering (4 Years, Bachelor of Technology) GOA",20,0,20,20,0,20,0
National Institute of Technology Goa,"Electrical and Electronics Engineering (4 Years, Bachelor of Technology) Other than GOA DAMAN & DIU (UT) DADRA & NAGAR HAVELI (UT) LAKSHADWEEP (UT)",25,0,25,25,0,25,0
National Institute of Technology Goa,"Electronics and Communication Engineering (4 Years, Bachelor of Technology) DAMAN & DIU (UT) DADRA & NAGAR HAVELI (UT) LAKSHADWEEP (UT)",5,0,5,5,0,5,0
National Institute of Technology Goa,"Electronics and Communication Engineering (4 Years, Bachelor of Technology) GOA",20,0,20,20,0,20,0
National Institute of Technology Goa,"Electronics and Communication Engineering (4 Years, Bachelor of Technology) Other than GOA DAMAN & DIU (UT) DADRA & NAGAR HAVELI (UT) LAKSHADWEEP (UT)",25,0,25,25,0,25,0
National Institute of Technology Goa,"Mechanical Engineering (4 Years, Bachelor of Technology) DAMAN & DIU (UT) DADRA & NAGAR HAVELI (UT) LAKSHADWEEP (UT)",4,0,4,4,0,4,0
National Institute of Technology Goa,"Mechanical Engineering (4 Years, Bachelor of Technology) GOA",15,0,15,15,0,15,0
National Institute of Technology Goa,"Mechanical Engineering (4 Years, Bachelor of Technology) Other than GOA DAMAN & DIU (UT) DADRA & NAGAR HAVELI (UT) LAKSHADWEEP (UT)",18,0,18,18,0,18,0
National Institute of Technology Hamirpur,"Architecture (5 Years, Bachelor of Architecture) HIMACHAL PRADESH",29,0,29,29,0,29,0
National Institute of Technology Hamirpur,"Architecture (5 Years, Bachelor of Architecture) Other than HIMACHAL PRADESH",29,0,29,29,0,29,0
National Institute of Technology Hamirpur,"Chemical Engineering (4 Years, Bachelor of Technology) HIMACHAL PRADESH",38,0,38,38,0,38,0
National Institute of Technology Hamirpur,"Chemical Engineering (4 Years, Bachelor of Technology) Other than HIMACHAL PRADESH",38,0,38,38,0,38,0
National Institute of Technology Hamirpur,"Civil Engineering (4 Years, Bachelor of Technology) HIMACHAL PRADESH",62,0,62,61,0,61,-1
National Institute of Technology Hamirpur,"Civil Engineering (4 Years, Bachelor of Technology) Other than HIMACHAL PRADESH",61,0,61,62,0,62,1
National Institute of Technology Hamirpur,"Computer Science and Engineering (4 Years, Bachelor of Technology) HIMACHAL PRADESH",62,0,62,62,0,62,0
National Institute of Technology Hamirpur,"Computer Science and Engineering (4 Years, Bachelor of Technology) Other than HIMACHAL PRADESH",62,0,62,62,0,62,0
National Institute of Technology Hamirpur,"Computer Science and Engineering (5 Years, Bachelor and Master of Technology (Dual Degree)) HIMACHAL PRADESH",14,0,14,14,0,14,0
National Institute of Technology Hamirpur,"Computer Science and Engineering (5 Years, Bachelor and Master of Technology (Dual Degree)) Other than HIMACHAL PRADESH",14,0,14,14,0,14,0
National Institute of Technology Hamirpur,"Electrical Engineering (4 Years, Bachelor of Technology) HIMACHAL PRADESH",62,0,62,63,0,63,1
National Institute of Technology Hamirpur,"Electrical Engineering (4 Years, Bachelor of Technology) Other than HIMACHAL PRADESH",63,0,63,62,0,62,-1
National Institute of Technology Hamirpur,"Electronics and Communication Engineering (4 Years, Bachelor of Technology) HIMACHAL PRADESH",59,0,59,58,0,58,-1
National Institute of Technology Hamirpur,"Electronics and Communication Engineering (4 Years, Bachelor of Technology) Other than HIMACHAL PRADESH",58,0,58,59,0,59,1
National Institute of Technology Hamirpur,"Electronics and Communication Engineering (5 Years, Bachelor and Master of Technology (Dual Degree)) HIMACHAL PRADESH",14,0,14,14,0,14,0
National Institute of Technology Hamirpur,"Electronics and Communication Engineering (5 Years, Bachelor and Master of Technology (Dual Degree)) Other than HIMACHAL PRADESH",14,0,14,14,0,14,0
National Institute of Technology Hamirpur,"Engineering Physics (4 Years, Bachelor of Technology) HIMACHAL PRADESH",25,0,25,25,0,25,0
National Institute of Technology Hamirpur,"Engineering Physics (4 Years, Bachelor of Technology) Other than HIMACHAL PRADESH",25,0,25,25,0,25,0
National Institute of Technology Hamirpur,"Materials Science and Engineering (4 Years, Bachelor of Technology) HIMACHAL PRADESH",20,0,20,20,0,20,0
National Institute of Technology Hamirpur,"Materials Science and Engineering (4 Years, Bachelor of Technology) Other than HIMACHAL PRADESH",20,0,20,20,0,20,0
National Institute of Technology Hamirpur,"Mathematics and Computing (4 Years, Bachelor of Technology) HIMACHAL PRADESH",25,0,25,25,0,25,0
National Institute of Technology Hamirpur,"Mathematics and Computing (4 Years, Bachelor of Technology) Other than HIMACHAL PRADESH",25,0,25,25,0,25,0
National Institute of Technology Hamirpur,"Mechanical Engineering (4 Years, Bachelor of Technology) HIMACHAL PRADESH",62,0,62,63,0,63,1
National Institute of Technology Hamirpur,"Mechanical Engineering (4 Years, Bachelor of Technology) Other than HIMACHAL PRADESH",63,0,63,62,0,62,-1
"National Institute of Technology Karnataka, Surathkal","Artificial Intelligence (4 Years, Bachelor of Technology) KARNATAKA",20,0,20,20,0,20,0
"National Institute of Technology Karnataka, Surathkal","Artificial Intelligence (4 Years, Bachelor of Technology) Other than KARNATAKA",20,0,20,20,0,20,0
"National Institute of Technology Karnataka, Surathkal","Chemical Engineering (4 Years, Bachelor of Technology) KARNATAKA",29,0,29,29,2,31,2
"National Institute of Technology Karnataka, Surathkal","Chemical Engineering (4 Years, Bachelor of Technology) Other than KARNATAKA",29,0,29,29,1,30,1
"National Institute of Technology Karnataka, Surathkal","Civil Engineering (4 Years, Bachelor of Technology) KARNATAKA",58,0,58,58,0,58,0
"National Institute of Technology Karnataka, Surathkal","Civil Engineering (4 Years, Bachelor of Technology) Other than KARNATAKA",57,0,57,57,0,57,0
"National Institute of Technology Karnataka, Surathkal","Computational and Data Science (4 Years, Bachelor of Technology) KARNATAKA",15,0,15,15,0,15,0
"National Institute of Technology Karnataka, Surathkal","Computational and Data Science (4 Years, Bachelor of Technology) Other than KARNATAKA",15,0,15,15,0,15,0
"National Institute of Technology Karnataka, Surathkal","Computer Science and Engineering (4 Years, Bachelor of Technology) KARNATAKA",57,0,57,57,0,57,0
"National Institute of Technology Karnataka, Surathkal","Computer Science and Engineering (4 Years, Bachelor of Technology) Other than KARNATAKA",58,0,58,58,0,58,0
"National Institute of Technology Karnataka, Surathkal","Electrical and Electronics Engineering (4 Years, Bachelor of Technology) KARNATAKA",58,0,58,58,0,58,0
"National Institute of Technology Karnataka, Surathkal","Electrical and Electronics Engineering (4 Years, Bachelor of Technology) Other than KARNATAKA",58,0,58,58,0,58,0
"National Institute of Technology Karnataka, Surathkal","Electronics and Communication Engineering (4 Years, Bachelor of Technology) KARNATAKA",58,0,58,58,0,58,0
"National Institute of Technology Karnataka, Surathkal","Electronics and Communication Engineering (4 Years, Bachelor of Technology) Other than KARNATAKA",58,0,58,58,0,58,0
"National Institute of Technology Karnataka, Surathkal","Information Technology (4 Years, Bachelor of Technology) KARNATAKA",38,0,38,38,0,38,0
"National Institute of Technology Karnataka, Surathkal","Information Technology (4 Years, Bachelor of Technology) Other than KARNATAKA",38,0,38,38,0,38,0
"National Institute of Technology Karnataka, Surathkal","Mechanical Engineering (4 Years, Bachelor of Technology) KARNATAKA",87,0,87,87,0,87,0
"National Institute of Technology Karnataka, Surathkal","Mechanical Engineering (4 Years, Bachelor of Technology) Other than KARNATAKA",87,0,87,87,1,88,1
"National Institute of Technology Karnataka, Surathkal","Metallurgical and Materials Engineering (4 Years, Bachelor of Technology) KARNATAKA",29,1,30,29,0,29,-1
"National Institute of Technology Karnataka, Surathkal","Metallurgical and Materials Engineering (4 Years, Bachelor of Technology) Other than KARNATAKA",29,0,29,29,0,29,0
"National Institute of Technology Karnataka, Surathkal","Mining Engineering (4 Years, Bachelor of Technology) KARNATAKA",29,0,29,29,1,30,1
"National Institute of Technology Karnataka, Surathkal","Mining Engineering (4 Years, Bachelor of Technology) Other than KARNATAKA",29,1,30,29,0,29,-1
National Institute of Technology Meghalaya,"Civil Engineering (4 Years, Bachelor of Technology) MEGHALAYA",17,0,17,17,0,17,0
National Institute of Technology Meghalaya,"Civil Engineering (4 Years, Bachelor of Technology) Other than MEGHALAYA",16,0,16,16,0,16,0
National Institute of Technology Meghalaya,"Computer Science and Engineering (4 Years, Bachelor of Technology) MEGHALAYA",16,0,16,16,0,16,0
National Institute of Technology Meghalaya,"Computer Science and Engineering (4 Years, Bachelor of Technology) Other than MEGHALAYA",17,0,17,17,0,17,0
National Institute of Technology Meghalaya,"Electrical and Electronics Engineering (4 Years, Bachelor of Technology) MEGHALAYA",16,0,16,16,0,16,0
National Institute of Technology Meghalaya,"Electrical and Electronics Engineering (4 Years, Bachelor of Technology) Other than MEGHALAYA",17,0,17,17,0,17,0
National Institute of Technology Meghalaya,"Electronics and Communication Engineering (4 Years, Bachelor of Technology) MEGHALAYA",16,0,16,16,0,16,0
National Institute of Technology Meghalaya,"Electronics and Communication Engineering (4 Years, Bachelor of Technology) Other than MEGHALAYA",17,0,17,17,0,17,0
National Institute of Technology Meghalaya,"Mechanical Engineering (4 Years, Bachelor of Technology) MEGHALAYA",17,0,17,17,0,17,0
National Institute of Technology Meghalaya,"Mechanical Engineering (4 Years, Bachelor of Technology) Other than MEGHALAYA",16,0,16,16,0,16,0
National Institute of Technology Nagaland,"Civil Engineering (4 Years, Bachelor of Technology) NAGALAND",15,0,15,15,0,15,0
National Institute of Technology Nagaland,"Civil Engineering (4 Years, Bachelor of Technology) Other than NAGALAND",18,0,18,18,0,18,0
National Institute of Technology Nagaland,"Computer Science and Engineering (4 Years, Bachelor of Technology) NAGALAND",15,0,15,15,0,15,0
National Institute of Technology Nagaland,"Computer Science and Engineering (4 Years, Bachelor of Technology) Other than NAGALAND",18,0,18,18,1,19,1
National Institute of Technology Nagaland,"Electrical and Electronics Engineering (4 Years, Bachelor of Technology) NAGALAND",15,0,15,15,0,15,0
National Institute of Technology Nagaland,"Electrical and Electronics Engineering (4 Years, Bachelor of Technology) Other than NAGALAND",18,0,18,18,0,18,0
National Institute of Technology Nagaland,"Electronics and Communication Engineering (4 Years, Bachelor of Technology) NAGALAND",15,0,15,15,0,15,0
National Institute of Technology Nagaland,"Electronics and Communication Engineering (4 Years, Bachelor of Technology) Other than NAGALAND",18,1,19,18,1,19,0
National Institute of Technology Nagaland,"Electronics and Instrumentation Engineering (4 Years, Bachelor of Technology) NAGALAND",15,0,15,15,0,15,0
National Institute of Technology Nagaland,"Electronics and Instrumentation Engineering (4 Years, Bachelor of Technology) Other than NAGALAND",18,0,18,18,1,19,1
National Institute of Technology Nagaland,"Mechanical Engineering (4 Years, Bachelor of Technology) NAGALAND",15,0,15,15,0,15,0
National Institute of Technology Nagaland,"Mechanical Engineering (4 Years, Bachelor of Technology) Other than NAGALAND",18,1,19,18,0,18,-1
National Institute of Technology Patna,"Architecture (5 Years, Bachelor of Architecture) BIHAR",23,0,23,20,0,20,-3
National Institute of Technology Patna,"Architecture (5 Years, Bachelor of Architecture) Other than BIHAR",22,0,22,20,0,20,-2
National Institute of Technology Patna,"Artificial Intelligence and Data Science (4 Years, Bachelor of Technology) BIHAR",0,0,0,38,0,38,38
National Institute of Technology Patna,"Artificial Intelligence and Data Science (4 Years, Bachelor of Technology) Other than BIHAR",0,0,0,37,0,37,37
National Institute of Technology Patna,"Chemical Technology (5 Years, Bachelor and Master of Technology (Dual Degree)) BIHAR",5,0,5,6,0,6,1
National Institute of Technology Patna,"Chemical Technology (5 Years, Bachelor and Master of Technology (Dual Degree)) Other than BIHAR",5,0,5,6,0,6,1
National Institute of Technology Patna,"Civil Engineering (4 Years, Bachelor of Technology) BIHAR",60,0,60,58,0,58,-2
National Institute of Technology Patna,"Civil Engineering (4 Years, Bachelor of Technology) Other than BIHAR",60,0,60,58,0,58,-2
National Institute of Technology Patna,"Civil Engineering with Specialization in Construction Technology and Management (5 Years, Bachelor and Master of Technology (Dual Degree)) BIHAR",5,0,5,6,0,6,1
National Institute of Technology Patna,"Civil Engineering with Specialization in Construction Technology and Management (5 Years, Bachelor and Master of Technology (Dual Degree)) Other than BIHAR",5,0,5,6,0,6,1
National Institute of Technology Patna,"Computer Science and Engineering (4 Years, Bachelor of Technology) BIHAR",100,0,100,75,0,75,-25
National Institute of Technology Patna,"Computer Science and Engineering (4 Years, Bachelor of Technology) Other than BIHAR",99,0,99,75,0,75,-24
National Institute of Technology Patna,"Computer Science and Engineering with Specialization in Cyber Security (5 Years, Bachelor and Master of Technology (Dual Degree)) BIHAR",11,0,11,11,0,11,0
National Institute of Technology Patna,"Computer Science and Engineering with Specialization in Cyber Security (5 Years, Bachelor and Master of Technology (Dual Degree)) Other than BIHAR",11,0,11,11,0,11,0
National Institute of Technology Patna,"Computer Science and Engineering with Specialization in Data Science (5 Years, Bachelor and Master of Technology (Dual Degree)) BIHAR",12,0,12,12,0,12,0
National Institute of Technology Patna,"Computer Science and Engineering with Specialization in Data Science (5 Years, Bachelor and Master of Technology (Dual Degree)) Other than BIHAR",11,0,11,11,0,11,0
National Institute of Technology Patna,"Electrical Engineering (4 Years, Bachelor of Technology) BIHAR",60,0,60,58,0,58,-2
National Institute of Technology Patna,"Electrical Engineering (4 Years, Bachelor of Technology) Other than BIHAR",60,0,60,58,0,58,-2
National Institute of Technology Patna,"Electrical Engineering with Specialization In Power System Engineering (5 Years, Bachelor and Master of Technology (Dual Degree)) BIHAR",0,0,0,12,0,12,12
National Institute of Technology Patna,"Electrical Engineering with Specialization In Power System Engineering (5 Years, Bachelor and Master of Technology (Dual Degree)) Other than BIHAR",0,0,0,11,0,11,11
National Institute of Technology Patna,"Electrical Engineering with Specialization in Power System Engineering (5 Years, Bachelor and Master of Technology (Dual Degree)) BIHAR",12,0,12,0,0,0,-12
National Institute of Technology Patna,"Electrical Engineering with Specialization in Power System Engineering (5 Years, Bachelor and Master of Technology (Dual Degree)) Other than BIHAR",11,0,11,0,0,0,-11
National Institute of Technology Patna,"Electronics Engineering (VLSI Design and Technology) (4 Years, Bachelor of Technology) BIHAR",0,0,0,40,0,40,40
National Institute of Technology Patna,"Electronics Engineering (VLSI Design and Technology) (4 Years, Bachelor of Technology) Other than BIHAR",0,0,0,40,0,40,40
National Institute of Technology Patna,"Electronics and Communication Engineering (4 Years, Bachelor of Technology) BIHAR",79,0,79,50,0,50,-29
National Institute of Technology Patna,"Electronics and Communication Engineering (4 Years, Bachelor of Technology) Other than BIHAR",79,0,79,50,0,50,-29
National Institute of Technology Patna,"Electronics and Communication Engineering with Specialization in Microelectronics and VLSI System Design (5 Years, Bachelor and Master of Technology (Dual Degree)) BIHAR",11,0,11,11,0,11,0
National Institute of Technology Patna,"Electronics and Communication Engineering with Specialization in Microelectronics and VLSI System Design (5 Years, Bachelor and Master of Technology (Dual Degree)) Other than BIHAR",11,0,11,11,0,11,0
National Institute of Technology Patna,"Material Science and Engineering (5 Years, Bachelor and Master of Technology (Dual Degree)) BIHAR",5,0,5,6,0,6,1
National Institute of Technology Patna,"Material Science and Engineering (5 Years, Bachelor and Master of Technology (Dual Degree)) Other than BIHAR",5,0,5,6,0,6,1
National Institute of Technology Patna,"Mathematics and Computing Technology (5 Years, Bachelor and Master of Technology (Dual Degree)) BIHAR",5,0,5,6,0,6,1
National Institute of Technology Patna,"Mathematics and Computing Technology (5 Years, Bachelor and Master of Technology (Dual Degree)) Other than BIHAR",5,0,5,6,0,6,1
National Institute of Technology Patna,"Mechanical Engineering (4 Years, Bachelor of Technology) BIHAR",60,0,60,58,1,59,-1
National Institute of Technology Patna,"Mechanical Engineering (4 Years, Bachelor of Technology) Other than BIHAR",60,0,60,58,0,58,-2
National Institute of Technology Patna,"Mechanical Engineering with Specialization in Manufacturing and Industrial Engineering (5 Years, Bachelor and Master of Technology (Dual Degree)) BIHAR",0,0,0,12,0,12,12
National Institute of Technology Patna,"Mechanical Engineering with Specialization in Manufacturing and Industrial Engineering (5 Years, Bachelor and Master of Technology (Dual Degree)) Other than BIHAR",0,0,0,11,0,11,11
National Institute of Technology Patna,"Mechanical Engineering with specialization in Manufacturing and Industrial Engineering (5 Years, Bachelor and Master of Technology (Dual Degree)) BIHAR",12,0,12,0,0,0,-12
National Institute of Technology Patna,"Mechanical Engineering with specialization in Manufacturing and Industrial Engineering (5 Years, Bachelor and Master of Technology (Dual Degree)) Other than BIHAR",11,0,11,0,0,0,-11
National Institute of Technology Patna,"Mechatronics and Automation Engineering (4 Years, Bachelor of Technology) BIHAR",13,0,13,13,0,13,0
National Institute of Technology Patna,"Mechatronics and Automation Engineering (4 Years, Bachelor of Technology) Other than BIHAR",13,0,13,13,0,13,0
National Institute of Technology Puducherry,"Civil Engineering (4 Years, Bachelor of Technology) Other than PUDUCHERRY (UT) ANDAMAN & NICOBAR ISLANDS (UT)",23,0,23,22,0,22,-1
National Institute of Technology Puducherry,"Civil Engineering (4 Years, Bachelor of Technology) PUDUCHERRY (UT) ANDAMAN & NICOBAR ISLANDS (UT)",0,0,0,23,0,23,23
National Institute of Technology Puducherry,"Computer Science and Engineering (4 Years, Bachelor of Technology) Other than PUDUCHERRY (UT) ANDAMAN & NICOBAR ISLANDS (UT)",30,0,30,30,0,30,0
National Institute of Technology Puducherry,"Computer Science and Engineering (4 Years, Bachelor of Technology) PUDUCHERRY (UT) ANDAMAN & NICOBAR ISLANDS (UT)",30,0,30,30,0,30,0
National Institute of Technology Puducherry,"Electrical and Electronics Engineering (4 Years, Bachelor of Technology) Other than PUDUCHERRY (UT) ANDAMAN & NICOBAR ISLANDS (UT)",30,0,30,30,0,30,0
National Institute of Technology Puducherry,"Electrical and Electronics Engineering (4 Years, Bachelor of Technology) PUDUCHERRY (UT) ANDAMAN & NICOBAR ISLANDS (UT)",30,0,30,30,0,30,0
National Institute of Technology Puducherry,"Electronics and Communication Engineering (4 Years, Bachelor of Technology) Other than PUDUCHERRY (UT) ANDAMAN & NICOBAR ISLANDS (UT)",30,0,30,30,0,30,0
National Institute of Technology Puducherry,"Electronics and Communication Engineering (4 Years, Bachelor of Technology) PUDUCHERRY (UT) ANDAMAN & NICOBAR ISLANDS (UT)",30,0,30,30,0,30,0
National Institute of Technology Puducherry,"Mechanical Engineering (4 Years, Bachelor of Technology) Other than PUDUCHERRY (UT) ANDAMAN & NICOBAR ISLANDS (UT)",25,0,25,25,0,25,0
National Institute of Technology Puducherry,"Mechanical Engineering (4 Years, Bachelor of Technology) PUDUCHERRY (UT) ANDAMAN & NICOBAR ISLANDS (UT)",25,0,25,25,0,25,0
National Institute of Technology Raipur,"Architecture (5 Years, Bachelor of Architecture) CHHATTISGARH",20,0,20,20,0,20,0
National Institute of Technology Raipur,"Architecture (5 Years, Bachelor of Architecture) Other than CHHATTISGARH",20,0,20,20,0,20,0
National Institute of Technology Raipur,"Bio Medical Engineering (4 Years, Bachelor of Technology) CHHATTISGARH",39,1,40,39,1,40,0
National Institute of Technology Raipur,"Bio Medical Engineering (4 Years, Bachelor of Technology) Other than CHHATTISGARH",40,0,40,40,0,40,0
National Institute of Technology Raipur,"Bio Technology (4 Years, Bachelor of Technology) CHHATTISGARH",40,0,40,40,0,40,0
National Institute of Technology Raipur,"Bio Technology (4 Years, Bachelor of Technology) Other than CHHATTISGARH",39,0,39,39,0,39,0
National Institute of Technology Raipur,"Chemical Engineering (4 Years, Bachelor of Technology) CHHATTISGARH",39,0,39,39,0,39,0
National Institute of Technology Raipur,"Chemical Engineering (4 Years, Bachelor of Technology) Other than CHHATTISGARH",40,0,40,40,0,40,0
National Institute of Technology Raipur,"Civil Engineering (4 Years, Bachelor of Technology) CHHATTISGARH",49,0,49,49,0,49,0
National Institute of Technology Raipur,"Civil Engineering (4 Years, Bachelor of Technology) Other than CHHATTISGARH",48,0,48,48,0,48,0
National Institute of Technology Raipur,"Computer Science and Engineering (4 Years, Bachelor of Technology) CHHATTISGARH",57,0,57,57,0,57,0
National Institute of Technology Raipur,"Computer Science and Engineering (4 Years, Bachelor of Technology) Other than CHHATTISGARH",57,0,57,57,0,57,0
National Institute of Technology Raipur,"Electrical Engineering (4 Years, Bachelor of Technology) CHHATTISGARH",57,0,57,57,0,57,0
National Institute of Technology Raipur,"Electrical Engineering (4 Years, Bachelor of Technology) Other than CHHATTISGARH",58,0,58,58,0,58,0
National Institute of Technology Raipur,"Electronics and Communication Engineering (4 Years, Bachelor of Technology) CHHATTISGARH",57,0,57,57,0,57,0
National Institute of Technology Raipur,"Electronics and Communication Engineering (4 Years, Bachelor of Technology) Other than CHHATTISGARH",57,0,57,57,0,57,0
National Institute of Technology Raipur,"Information Technology (4 Years, Bachelor of Technology) CHHATTISGARH",57,0,57,57,0,57,0
National Institute of Technology Raipur,"Information Technology (4 Years, Bachelor of Technology) Other than CHHATTISGARH",57,0,57,57,0,57,0
National Institute of Technology Raipur,"Mechanical Engineering (4 Years, Bachelor of Technology) CHHATTISGARH",58,0,58,58,0,58,0
National Institute of Technology Raipur,"Mechanical Engineering (4 Years, Bachelor of Technology) Other than CHHATTISGARH",57,0,57,57,0,57,0
National Institute of Technology Raipur,"Metallurgical and Materials Engineering (4 Years, Bachelor of Technology) CHHATTISGARH",58,0,58,58,0,58,0
National Institute of Technology Raipur,"Metallurgical and Materials Engineering (4 Years, Bachelor of Technology) Other than CHHATTISGARH",57,0,57,57,0,57,0
National Institute of Technology Raipur,"Mining Engineering (4 Years, Bachelor of Technology) CHHATTISGARH",48,0,48,48,0,48,0
National Institute of Technology Raipur,"Mining Engineering (4 Years, Bachelor of Technology) Other than CHHATTISGARH",49,0,49,49,0,49,0
National Institute of Technology Sikkim,"Artificial Intelligence and Machine Learning (4 Years, Bachelor of Technology) Other than SIKKIM",15,0,15,15,0,15,0
National Institute of Technology Sikkim,"Artificial Intelligence and Machine Learning (4 Years, Bachelor of Technology) SIKKIM",15,0,15,15,0,15,0
National Institute of Technology Sikkim,"Civil Engineering (4 Years, Bachelor of Technology) Other than SIKKIM",15,0,15,15,0,15,0
National Institute of Technology Sikkim,"Civil Engineering (4 Years, Bachelor of Technology) SIKKIM",15,0,15,15,0,15,0
National Institute of Technology Sikkim,"Computer Science and Engineering (4 Years, Bachelor of Technology) Other than SIKKIM",20,0,20,20,0,20,0
National Institute of Technology Sikkim,"Computer Science and Engineering (4 Years, Bachelor of Technology) SIKKIM",20,0,20,20,0,20,0
National Institute of Technology Sikkim,"Electrical and Electronics Engineering (4 Years, Bachelor of Technology) Other than SIKKIM",15,0,15,15,0,15,0
National Institute of Technology Sikkim,"Electrical and Electronics Engineering (4 Years, Bachelor of Technology) SIKKIM",15,0,15,15,0,15,0
National Institute of Technology Sikkim,"Electronics and Communication Engineering (4 Years, Bachelor of Technology) Other than SIKKIM",15,0,15,15,0,15,0
National Institute of Technology Sikkim,"Electronics and Communication Engineering (4 Years, Bachelor of Technology) SIKKIM",15,0,15,15,0,15,0
National Institute of Technology Sikkim,"Mechanical Engineering (4 Years, Bachelor of Technology) Other than SIKKIM",15,0,15,15,0,15,0
National Institute of Technology Sikkim,"Mechanical Engineering (4 Years, Bachelor of Technology) SIKKIM",15,0,15,15,0,15,0
"National Institute of Technology, Andhra Pradesh","Bio Technology (4 Years, Bachelor of Technology) ANDHRA PRADESH",0,0,0,15,0,15,15
"National Institute of Technology, Andhra Pradesh","Bio Technology (4 Years, Bachelor of Technology) Other than ANDHRA PRADESH",0,0,0,15,0,15,15
"National Institute of Technology, Andhra Pradesh","Chemical Engineering (4 Years, Bachelor of Technology) ANDHRA PRADESH",0,0,0,15,0,15,15
"National Institute of Technology, Andhra Pradesh","Chemical Engineering (4 Years, Bachelor of Technology) Other than ANDHRA PRADESH",0,0,0,15,0,15,15
"National Institute of Technology, Andhra Pradesh","Civil Engineering (4 Years, Bachelor of Technology) ANDHRA PRADESH",0,0,0,30,0,30,30
"National Institute of Technology, Andhra Pradesh","Civil Engineering (4 Years, Bachelor of Technology) Other than ANDHRA PRADESH",0,0,0,30,0,30,30
"National Institute of Technology, Andhra Pradesh","Computer Science and Engineering (4 Years, Bachelor of Technology) ANDHRA PRADESH",0,0,0,45,0,45,45
"National Institute of Technology, Andhra Pradesh","Computer Science and Engineering (4 Years, Bachelor of Technology) Other than ANDHRA PRADESH",0,0,0,45,0,45,45
"National Institute of Technology, Andhra Pradesh","Electrical and Electronics Engineering (4 Years, Bachelor of Technology) ANDHRA PRADESH",0,0,0,45,0,45,45
"National Institute of Technology, Andhra Pradesh","Electrical and Electronics Engineering (4 Years, Bachelor of Technology) Other than ANDHRA PRADESH",0,0,0,45,0,45,45
"National Institute of Technology, Andhra Pradesh","Electronics and Communication Engineering (4 Years, Bachelor of Technology) ANDHRA PRADESH",0,0,0,45,0,45,45
"National Institute of Technology, Andhra Pradesh","Electronics and Communication Engineering (4 Years, Bachelor of Technology) Other than ANDHRA PRADESH",0,0,0,45,0,45,45
"National Institute of Technology, Andhra Pradesh","Mechanical Engineering (4 Years, Bachelor of Technology) ANDHRA PRADESH",0,0,0,30,0,30,30
"National Institute of Technology, Andhra Pradesh","Mechanical Engineering (4 Years, Bachelor of Technology) Other than ANDHRA PRADESH",0,0,0,30,0,30,30
"National Institute of Technology, Andhra Pradesh","Metallurgical and Materials Engineering (4 Years, Bachelor of Technology) ANDHRA PRADESH",0,0,0,15,0,15,15
"National Institute of Technology, Andhra Pradesh","Metallurgical and Materials Engineering (4 Years, Bachelor of Technology) Other than ANDHRA PRADESH",0,0,0,15,0,15,15
"National Institute of Technology, Jamshedpur","Civil Engineering (4 Years, Bachelor of Technology) JHARKHAND",50,0,50,50,0,50,0
"National Institute of Technology, Jamshedpur","Civil Engineering (4 Years, Bachelor of Technology) Other than JHARKHAND",49,0,49,49,0,49,0
"National Institute of Technology, Jamshedpur","Computer Science and Engineering (4 Years, Bachelor of Technology) JHARKHAND",58,0,58,58,0,58,0
"National Institute of Technology, Jamshedpur","Computer Science and Engineering (4 Years, Bachelor of Technology) Other than JHARKHAND",58,0,58,58,0,58,0
"National Institute of Technology, Jamshedpur","Electrical Engineering (4 Years, Bachelor of Technology) JHARKHAND",57,0,57,57,0,57,0
"National Institute of Technology, Jamshedpur","Electrical Engineering (4 Years, Bachelor of Technology) Other than JHARKHAND",57,0,57,57,0,57,0
"National Institute of Technology, Jamshedpur","Electronics and Communication Engineering (4 Years, Bachelor of Technology) JHARKHAND",58,0,58,58,0,58,0
"National Institute of Technology, Jamshedpur","Electronics and Communication Engineering (4 Years, Bachelor of Technology) Other than JHARKHAND",58,0,58,58,0,58,0
"National Institute of Technology, Jamshedpur","Engineering and Computational Mechanics (4 Years, Bachelor of Technology) JHARKHAND",15,0,15,15,0,15,0
"National Institute of Technology, Jamshedpur","Engineering and Computational Mechanics (4 Years, Bachelor of Technology) Other than JHARKHAND",15,0,15,15,0,15,0
"National Institute of Technology, Jamshedpur","Mechanical Engineering (4 Years, Bachelor of Technology) JHARKHAND",58,0,58,58,0,58,0
"National Institute of Technology, Jamshedpur","Mechanical Engineering (4 Years, Bachelor of Technology) Other than JHARKHAND",57,0,57,57,0,57,0
"National Institute of Technology, Jamshedpur","Metallurgical and Materials Engineering (4 Years, Bachelor of Technology) JHARKHAND",49,0,49,49,0,49,0
"National Institute of Technology, Jamshedpur","Metallurgical and Materials Engineering (4 Years, Bachelor of Technology) Other than JHARKHAND",50,0,50,50,0,50,0
"National Institute of Technology, Jamshedpur","Production and Industrial Engineering (4 Years, Bachelor of Technology) JHARKHAND",31,0,31,31,0,31,0
"National Institute of Technology, Jamshedpur","Production and Industrial Engineering (4 Years, Bachelor of Technology) Other than JHARKHAND",31,0,31,31,0,31,0
"National Institute of Technology, Kurukshetra","Architecture (5 Years, Bachelor of Architecture) HARYANA",0,0,0,20,0,20,20
"National Institute of Technology, Kurukshetra","Architecture (5 Years, Bachelor of Architecture) Other than HARYANA",0,0,0,20,0,20,20
"National Institute of Technology, Kurukshetra","Architecture and Planning (5 Years, Bachelor of Architecture) HARYANA",20,0,20,0,0,0,-20
"National Institute of Technology, Kurukshetra","Architecture and Planning (5 Years, Bachelor of Architecture) Other than HARYANA",20,0,20,0,0,0,-20
"National Institute of Technology, Kurukshetra","Artificial Intelligence and Data Science (4 Years, Bachelor of Technology) HARYANA",30,0,30,30,0,30,0
"National Institute of Technology, Kurukshetra","Artificial Intelligence and Data Science (4 Years, Bachelor of Technology) Other than HARYANA",30,0,30,30,0,30,0
"National Institute of Technology, Kurukshetra","Artificial Intelligence and Machine Learning (4 Years, Bachelor of Technology) HARYANA",30,0,30,30,0,30,0
"National Institute of Technology, Kurukshetra","Artificial Intelligence and Machine Learning (4 Years, Bachelor of Technology) Other than HARYANA",30,0,30,30,0,30,0
"National Institute of Technology, Kurukshetra","Civil Engineering (4 Years, Bachelor of Technology) HARYANA",54,0,54,54,0,54,0
"National Institute of Technology, Kurukshetra","Civil Engineering (4 Years, Bachelor of Technology) Other than HARYANA",54,0,54,54,0,54,0
"National Institute of Technology, Kurukshetra","Civil Engineering (5 Years, Bachelor and Master of Technology (Dual Degree)) HARYANA",6,0,6,6,0,6,0
"National Institute of Technology, Kurukshetra","Civil Engineering (5 Years, Bachelor and Master of Technology (Dual Degree)) Other than HARYANA",6,0,6,6,0,6,0
"National Institute of Technology, Kurukshetra","Computer Science and Engineering (4 Years, Bachelor of Technology) HARYANA",54,0,54,54,0,54,0
"National Institute of Technology, Kurukshetra","Computer Science and Engineering (4 Years, Bachelor of Technology) Other than HARYANA",54,0,54,54,0,54,0
"National Institute of Technology, Kurukshetra","Computer Science and Engineering (5 Years, Bachelor and Master of Technology (Dual Degree)) HARYANA",6,0,6,6,0,6,0
"National Institute of Technology, Kurukshetra","Computer Science and Engineering (5 Years, Bachelor and Master of Technology (Dual Degree)) Other than HARYANA",6,0,6,6,0,6,0
"National Institute of Technology, Kurukshetra","Electrical Engineering (4 Years, Bachelor of Technology) HARYANA",54,0,54,54,0,54,0
"National Institute of Technology, Kurukshetra","Electrical Engineering (4 Years, Bachelor of Technology) Other than HARYANA",54,0,54,54,0,54,0
"National Institute of Technology, Kurukshetra","Electrical Engineering (5 Years, Bachelor and Master of Technology (Dual Degree)) HARYANA",6,0,6,6,0,6,0
"National Institute of Technology, Kurukshetra","Electrical Engineering (5 Years, Bachelor and Master of Technology (Dual Degree)) Other than HARYANA",6,0,6,6,0,6,0
"National Institute of Technology, Kurukshetra","Electronics and Communication Engineering (4 Years, Bachelor of Technology) HARYANA",54,0,54,54,0,54,0
"National Institute of Technology, Kurukshetra","Electronics and Communication Engineering (4 Years, Bachelor of Technology) Other than HARYANA",54,0,54,54,0,54,0
"National Institute of Technology, Kurukshetra","Electronics and Communication Engineering (5 Years, Bachelor and Master of Technology (Dual Degree)) HARYANA",6,0,6,6,0,6,0
"National Institute of Technology, Kurukshetra","Electronics and Communication Engineering (5 Years, Bachelor and Master of Technology (Dual Degree)) Other than HARYANA",6,0,6,6,0,6,0
"National Institute of Technology, Kurukshetra","Industrial Internet of Things (4 Years, Bachelor of Technology) HARYANA",30,0,30,30,0,30,0
"National Institute of Technology, Kurukshetra","Industrial Internet of Things (4 Years, Bachelor of Technology) Other than HARYANA",30,0,30,30,0,30,0
"National Institute of Technology, Kurukshetra","Information Technology (4 Years, Bachelor of Technology) HARYANA",30,0,30,30,0,30,0
"National Institute of Technology, Kurukshetra","Information Technology (4 Years, Bachelor of Technology) Other than HARYANA",30,0,30,30,0,30,0
"National Institute of Technology, Kurukshetra","Mathematics and Computing (4 Years, Bachelor of Technology) HARYANA",29,0,29,29,0,29,0
"National Institute of Technology, Kurukshetra","Mathematics and Computing (4 Years, Bachelor of Technology) Other than HARYANA",28,0,28,28,0,28,0
"National Institute of Technology, Kurukshetra","Mechanical Engineering (4 Years, Bachelor of Technology) HARYANA",54,0,54,54,0,54,0
"National Institute of Technology, Kurukshetra","Mechanical Engineering (4 Years, Bachelor of Technology) Other than HARYANA",54,0,54,54,0,54,0
"National Institute of Technology, Kurukshetra","Mechanical Engineering (5 Years, Bachelor and Master of Technology (Dual Degree)) HARYANA",6,0,6,6,0,6,0
"National Institute of Technology, Kurukshetra","Mechanical Engineering (5 Years, Bachelor and Master of Technology (Dual Degree)) Other than HARYANA",6,0,6,6,0,6,0
"National Institute of Technology, Kurukshetra","Microelectronics & VLSI Engineering (4 Years, Bachelor of Technology) HARYANA",30,0,30,30,0,30,0
"National Institute of Technology, Kurukshetra","Microelectronics & VLSI Engineering (4 Years, Bachelor of Technology) Other than HARYANA",30,0,30,30,0,30,0
"National Institute of Technology, Kurukshetra","Production and Industrial Engineering (4 Years, Bachelor of Technology) HARYANA",20,0,20,20,0,20,0
"National Institute of Technology, Kurukshetra","Production and Industrial Engineering (4 Years, Bachelor of Technology) Other than HARYANA",20,0,20,20,0,20,0
"National Institute of Technology, Kurukshetra","ROBOTICS & AUTOMATION (4 Years, Bachelor of Technology) HARYANA",25,0,25,25,0,25,0
"National Institute of Technology, Kurukshetra","ROBOTICS & AUTOMATION (4 Years, Bachelor of Technology) Other than HARYANA",25,0,25,25,0,25,0
"National Institute of Technology, Kurukshetra","SUSTAINABLE ENERGY TECHNOLOGIES (4 Years, Bachelor of Technology) HARYANA",30,0,30,30,0,30,0
"National Institute of Technology, Kurukshetra","SUSTAINABLE ENERGY TECHNOLOGIES (4 Years, Bachelor of Technology) Other than HARYANA",30,0,30,30,0,30,0
"National Institute of Technology, Manipur","Civil Engineering (4 Years, Bachelor of Technology) MANIPUR",19,0,19,19,0,19,0
"National Institute of Technology, Manipur","Civil Engineering (4 Years, Bachelor of Technology) Other than MANIPUR",19,0,19,19,0,19,0
"National Institute of Technology, Manipur","Computer Science and Engineering (4 Years, Bachelor of Technology) MANIPUR",37,0,37,37,0,37,0
"National Institute of Technology, Manipur","Computer Science and Engineering (4 Years, Bachelor of Technology) Other than MANIPUR",37,0,37,37,0,37,0
"National Institute of Technology, Manipur","Electrical Engineering (4 Years, Bachelor of Technology) MANIPUR",19,0,19,19,0,19,0
"National Institute of Technology, Manipur","Electrical Engineering (4 Years, Bachelor of Technology) Other than MANIPUR",19,0,19,19,0,19,0
"National Institute of Technology, Manipur","Electronics and Communication Engineering (4 Years, Bachelor of Technology) MANIPUR",19,0,19,19,0,19,0
"National Institute of Technology, Manipur","Electronics and Communication Engineering (4 Years, Bachelor of Technology) Other than MANIPUR",19,0,19,19,0,19,0
"National Institute of Technology, Manipur","Mechanical Engineering (4 Years, Bachelor of Technology) MANIPUR",19,0,19,19,0,19,0
"National Institute of Technology, Manipur","Mechanical Engineering (4 Years, Bachelor of Technology) Other than MANIPUR",19,0,19,19,0,19,0
"National Institute of Technology, Mizoram","Chemical Science and Technology (4 Years, Bachelor of Technology) MIZORAM",0,0,0,5,0,5,5
"National Institute of Technology, Mizoram","Chemical Science and Technology (4 Years, Bachelor of Technology) Other than MIZORAM",0,0,0,5,0,5,5
"National Institute of Technology, Mizoram","Civil Engineering (4 Years, Bachelor of Technology) MIZORAM",17,1,18,15,2,17,-1
"National Institute of Technology, Mizoram","Civil Engineering (4 Years, Bachelor of Technology) Other than MIZORAM",17,1,18,16,1,17,-1
"National Institute of Technology, Mizoram","Computer Science and Engineering (4 Years, Bachelor of Technology) MIZORAM",18,0,18,16,1,17,-1
"National Institute of Technology, Mizoram","Computer Science and Engineering (4 Years, Bachelor of Technology) Other than MIZORAM",17,1,18,16,1,17,-1
"National Institute of Technology, Mizoram","Electrical Engineering (4 Years, Bachelor of Technology) MIZORAM",16,2,18,15,2,17,-1
"National Institute of Technology, Mizoram","Electrical Engineering (4 Years, Bachelor of Technology) Other than MIZORAM",17,1,18,16,1,17,-1
"National Institute of Technology, Mizoram","Electronics and Communication Engineering (4 Years, Bachelor of Technology) MIZORAM",15,3,18,16,1,17,-1
"National Institute of Technology, Mizoram","Electronics and Communication Engineering (4 Years, Bachelor of Technology) Other than MIZORAM",16,2,18,15,2,17,-1
"National Institute of Technology, Mizoram","Mathematics and Computing (4 Years, Bachelor of Technology) MIZORAM",5,0,5,5,0,5,0
"National Institute of Technology, Mizoram","Mathematics and Computing (4 Years, Bachelor of Technology) Other than MIZORAM",5,0,5,5,0,5,0
"National Institute of Technology, Mizoram","Mechanical Engineering (4 Years, Bachelor of Technology) MIZORAM",17,1,18,16,1,17,-1
"National Institute of Technology, Mizoram","Mechanical Engineering (4 Years, Bachelor of Technology) Other than MIZORAM",17,1,18,16,1,17,-1
"National Institute of Technology, Rourkela","Architecture (5 Years, Bachelor of Architecture) ODISHA",10,0,10,10,0,10,0
"National Institute of Technology, Rourkela","Architecture (5 Years, Bachelor of Architecture) Other than ODISHA",10,0,10,10,0,10,0
"National Institute of Technology, Rourkela","Artificial Intelligence (4 Years, Bachelor of Technology) ODISHA",23,0,23,23,0,23,0
"National Institute of Technology, Rourkela","Artificial Intelligence (4 Years, Bachelor of Technology) Other than ODISHA",22,0,22,22,0,22,0
"National Institute of Technology, Rourkela","Bio Medical Engineering (4 Years, Bachelor of Technology) ODISHA",17,0,17,17,0,17,0
"National Institute of Technology, Rourkela","Bio Medical Engineering (4 Years, Bachelor of Technology) Other than ODISHA",18,0,18,18,0,18,0
"National Institute of Technology, Rourkela","Bio Technology (4 Years, Bachelor of Technology) ODISHA",17,0,17,17,0,17,0
"National Institute of Technology, Rourkela","Bio Technology (4 Years, Bachelor of Technology) Other than ODISHA",18,0,18,18,0,18,0
"National Institute of Technology, Rourkela","Ceramic Engineering (4 Years, Bachelor of Technology) ODISHA",20,0,20,20,0,20,0
"National Institute of Technology, Rourkela","Ceramic Engineering (4 Years, Bachelor of Technology) Other than ODISHA",20,0,20,20,0,20,0
"National Institute of Technology, Rourkela","Ceramic Engineering and M.Tech Industrial Ceramic (5 Years, Bachelor and Master of Technology (Dual Degree)) ODISHA",7,0,7,7,0,7,0
"National Institute of Technology, Rourkela","Ceramic Engineering and M.Tech Industrial Ceramic (5 Years, Bachelor and Master of Technology (Dual Degree)) Other than ODISHA",6,0,6,6,0,6,0
"National Institute of Technology, Rourkela","Chemical Engineering (4 Years, Bachelor of Technology) ODISHA",31,1,32,31,0,31,-1
"National Institute of Technology, Rourkela","Chemical Engineering (4 Years, Bachelor of Technology) Other than ODISHA",31,0,31,31,0,31,0
"National Institute of Technology, Rourkela","Chemical Engineering (5 Years, Bachelor and Master of Technology (Dual Degree)) ODISHA",6,0,6,6,0,6,0
"National Institute of Technology, Rourkela","Chemical Engineering (5 Years, Bachelor and Master of Technology (Dual Degree)) Other than ODISHA",6,0,6,6,0,6,0
"National Institute of Technology, Rourkela","Chemistry (5 Years, Integrated Master of Science) ODISHA",11,0,11,11,0,11,0
"National Institute of Technology, Rourkela","Chemistry (5 Years, Integrated Master of Science) Other than ODISHA",11,0,11,11,0,11,0
"National Institute of Technology, Rourkela","Civil Engineering (4 Years, Bachelor of Technology) ODISHA",36,0,36,36,0,36,0
"National Institute of Technology, Rourkela","Civil Engineering (4 Years, Bachelor of Technology) Other than ODISHA",36,0,36,36,0,36,0
"National Institute of Technology, Rourkela","Computer Science and Engineering (4 Years, Bachelor of Technology) ODISHA",56,0,56,56,0,56,0
"National Institute of Technology, Rourkela","Computer Science and Engineering (4 Years, Bachelor of Technology) Other than ODISHA",57,0,57,57,0,57,0
"National Institute of Technology, Rourkela","Electrical Engineering (4 Years, Bachelor of Technology) ODISHA",57,0,57,57,1,58,1
"National Institute of Technology, Rourkela","Electrical Engineering (4 Years, Bachelor of Technology) Other than ODISHA",56,0,56,56,0,56,0
"National Institute of Technology, Rourkela","Electronics and Communication Engineering (4 Years, Bachelor of Technology) ODISHA",28,0,28,28,0,28,0
"National Institute of Technology, Rourkela","Electronics and Communication Engineering (4 Years, Bachelor of Technology) Other than ODISHA",28,0,28,28,0,28,0
"National Institute of Technology, Rourkela","Electronics and Instrumentation Engineering (4 Years, Bachelor of Technology) ODISHA",28,0,28,28,0,28,0
"National Institute of Technology, Rourkela","Electronics and Instrumentation Engineering (4 Years, Bachelor of Technology) Other than ODISHA",28,0,28,28,0,28,0
"National Institute of Technology, Rourkela","Food Process Engineering (4 Years, Bachelor of Technology) ODISHA",15,0,15,15,0,15,0
"National Institute of Technology, Rourkela","Food Process Engineering (4 Years, Bachelor of Technology) Other than ODISHA",15,0,15,15,1,16,1
"National Institute of Technology, Rourkela","Industrial Design (4 Years, Bachelor of Technology) ODISHA",14,0,14,14,0,14,0
"National Institute of Technology, Rourkela","Industrial Design (4 Years, Bachelor of Technology) Other than ODISHA",14,0,14,14,0,14,0
"National Institute of Technology, Rourkela","Life Science (5 Years, Integrated Master of Science) ODISHA",10,0,10,10,0,10,0
"National Institute of Technology, Rourkela","Life Science (5 Years, Integrated Master of Science) Other than ODISHA",10,0,10,10,0,10,0
"National Institute of Technology, Rourkela","Mathematics (5 Years, Integrated Master of Science) ODISHA",12,0,12,12,0,12,0
"National Institute of Technology, Rourkela","Mathematics (5 Years, Integrated Master of Science) Other than ODISHA",13,0,13,13,0,13,0
"National Institute of Technology, Rourkela","Mechanical Engineering (4 Years, Bachelor of Technology) ODISHA",57,0,57,57,0,57,0
"National Institute of Technology, Rourkela","Mechanical Engineering (4 Years, Bachelor of Technology) Other than ODISHA",56,0,56,56,0,56,0
"National Institute of Technology, Rourkela","Metallurgical and Materials Engineering (4 Years, Bachelor of Technology) ODISHA",30,0,30,30,0,30,0
"National Institute of Technology, Rourkela","Metallurgical and Materials Engineering (4 Years, Bachelor of Technology) Other than ODISHA",30,1,31,30,0,30,-1
"National Institute of Technology, Rourkela","Metallurgical and Materials Engineering (5 Years, Bachelor and Master of Technology (Dual Degree)) ODISHA",6,0,6,6,0,6,0
"National Institute of Technology, Rourkela","Metallurgical and Materials Engineering (5 Years, Bachelor and Master of Technology (Dual Degree)) Other than ODISHA",7,0,7,7,0,7,0
"National Institute of Technology, Rourkela","Mining Engineering (4 Years, Bachelor of Technology) ODISHA",19,2,21,19,0,19,-2
"National Institute of Technology, Rourkela","Mining Engineering (4 Years, Bachelor of Technology) Other than ODISHA",19,3,22,19,0,19,-3
"National Institute of Technology, Rourkela","Mining Engineering (5 Years, Bachelor and Master of Technology (Dual Degree)) ODISHA",6,0,6,6,0,6,0
"National Institute of Technology, Rourkela","Mining Engineering (5 Years, Bachelor and Master of Technology (Dual Degree)) Other than ODISHA",6,0,6,6,0,6,0
"National Institute of Technology, Rourkela","Physics (5 Years, Integrated Master of Science) ODISHA",13,0,13,13,0,13,0
"National Institute of Technology, Rourkela","Physics (5 Years, Integrated Master of Science) Other than ODISHA",12,0,12,12,0,12,0
"National Institute of Technology, Silchar","Civil Engineering (4 Years, Bachelor of Technology) ASSAM",79,0,79,79,0,79,0
"National Institute of Technology, Silchar","Civil Engineering (4 Years, Bachelor of Technology) Other than ASSAM",78,0,78,78,0,78,0
"National Institute of Technology, Silchar","Computer Science and Engineering (4 Years, Bachelor of Technology) ASSAM",81,0,81,80,0,80,-1
"National Institute of Technology, Silchar","Computer Science and Engineering (4 Years, Bachelor of Technology) Other than ASSAM",80,0,80,81,0,81,1
"National Institute of Technology, Silchar","Electrical Engineering (4 Years, Bachelor of Technology) ASSAM",81,0,81,81,0,81,0
"National Institute of Technology, Silchar","Electrical Engineering (4 Years, Bachelor of Technology) Other than ASSAM",81,0,81,81,0,81,0
"National Institute of Technology, Silchar","Electronics and Communication Engineering (4 Years, Bachelor of Technology) ASSAM",81,0,81,81,0,81,0
"National Institute of Technology, Silchar","Electronics and Communication Engineering (4 Years, Bachelor of Technology) Other than ASSAM",81,0,81,81,0,81,0
"National Institute of Technology, Silchar","Electronics and Instrumentation Engineering (4 Years, Bachelor of Technology) ASSAM",50,0,50,50,0,50,0
"National Institute of Technology, Silchar","Electronics and Instrumentation Engineering (4 Years, Bachelor of Technology) Other than ASSAM",50,0,50,50,0,50,0
"National Institute of Technology, Silchar","Mechanical Engineering (4 Years, Bachelor of Technology) ASSAM",80,0,80,80,0,80,0
"National Institute of Technology, Silchar","Mechanical Engineering (4 Years, Bachelor of Technology) Other than ASSAM",81,0,81,81,0,81,0
"National Institute of Technology, Srinagar","Chemical Engineering (4 Years, Bachelor of Technology) JK JAMMU & KASHMIR (UT)",49,1,50,37,1,38,-12
"National Institute of Technology, Srinagar","Chemical Engineering (4 Years, Bachelor of Technology) LA LADAKH (UT)",2,0,2,2,0,2,0
"National Institute of Technology, Srinagar","Chemical Engineering (4 Years, Bachelor of Technology) Other than JAMMU & KASHMIR (UT) LADAKH (UT)",50,1,51,39,1,40,-11
"National Institute of Technology, Srinagar","Civil Engineering (4 Years, Bachelor of Technology) JK JAMMU & KASHMIR (UT)",83,4,87,77,4,81,-6
"National Institute of Technology, Srinagar","Civil Engineering (4 Years, Bachelor of Technology) LA LADAKH (UT)",3,2,5,2,2,4,-1
"National Institute of Technology, Srinagar","Civil Engineering (4 Years, Bachelor of Technology) Other than JAMMU & KASHMIR (UT) LADAKH (UT)",88,3,91,82,3,85,-6
"National Institute of Technology, Srinagar","Computer Science and Engineering (4 Years, Bachelor of Technology) JK JAMMU & KASHMIR (UT)",39,2,41,60,2,62,21
"National Institute of Technology, Srinagar","Computer Science and Engineering (4 Years, Bachelor of Technology) LA LADAKH (UT)",2,0,2,3,0,3,1
"National Institute of Technology, Srinagar","Computer Science and Engineering (4 Years, Bachelor of Technology) Other than JAMMU & KASHMIR (UT) LADAKH (UT)",39,2,41,63,2,65,24
"National Institute of Technology, Srinagar","Electrical Engineering (4 Years, Bachelor of Technology) JK JAMMU & KASHMIR (UT)",52,2,54,48,2,50,-4
"National Institute of Technology, Srinagar","Electrical Engineering (4 Years, Bachelor of Technology) LA LADAKH (UT)",2,1,3,2,1,3,0
"National Institute of Technology, Srinagar","Electrical Engineering (4 Years, Bachelor of Technology) Other than JAMMU & KASHMIR (UT) LADAKH (UT)",54,2,56,50,2,52,-4
"National Institute of Technology, Srinagar","Electronics and Communication Engineering (4 Years, Bachelor of Technology) JK JAMMU & KASHMIR (UT)",47,3,50,44,3,47,-3
"National Institute of Technology, Srinagar","Electronics and Communication Engineering (4 Years, Bachelor of Technology) LA LADAKH (UT)",2,1,3,2,1,3,0
"National Institute of Technology, Srinagar","Electronics and Communication Engineering (4 Years, Bachelor of Technology) Other than JAMMU & KASHMIR (UT) LADAKH (UT)",52,1,53,49,1,50,-3
"National Institute of Technology, Srinagar","Information Technology (4 Years, Bachelor of Technology) JK JAMMU & KASHMIR (UT)",41,1,42,61,1,62,20
"National Institute of Technology, Srinagar","Information Technology (4 Years, Bachelor of Technology) LA LADAKH (UT)",2,0,2,3,0,3,1
"National Institute of Technology, Srinagar","Information Technology (4 Years, Bachelor of Technology) Other than JAMMU & KASHMIR (UT) LADAKH (UT)",41,2,43,62,2,64,21
"National Institute of Technology, Srinagar","Mechanical Engineering (4 Years, Bachelor of Technology) JK JAMMU & KASHMIR (UT)",52,3,55,47,3,50,-5
"National Institute of Technology, Srinagar","Mechanical Engineering (4 Years, Bachelor of Technology) LA LADAKH (UT)",2,1,3,2,1,3,0
"National Institute of Technology, Srinagar","Mechanical Engineering (4 Years, Bachelor of Technology) Other than JAMMU & KASHMIR (UT) LADAKH (UT)",56,3,59,49,3,52,-7
"National Institute of Technology, Srinagar","Metallurgical and Materials Engineering (4 Years, Bachelor of Technology) JK JAMMU & KASHMIR (UT)",50,1,51,37,1,38,-13
"National Institute of Technology, Srinagar","Metallurgical and Materials Engineering (4 Years, Bachelor of Technology) LA LADAKH (UT)",2,0,2,2,0,2,0
"National Institute of Technology, Srinagar","Metallurgical and Materials Engineering (4 Years, Bachelor of Technology) Other than JAMMU & KASHMIR (UT) LADAKH (UT)",50,3,53,37,3,40,-13
"National Institute of Technology, Tiruchirappalli","Architecture (5 Years, Bachelor of Architecture) Other than TAMIL NADU",28,0,28,28,0,28,0
"National Institute of Technology, Tiruchirappalli","Architecture (5 Years, Bachelor of Architecture) TAMIL NADU",29,0,29,29,0,29,0
"National Institute of Technology, Tiruchirappalli","Chemical Engineering (4 Years, Bachelor of Technology) Other than TAMIL NADU",39,0,39,39,0,39,0
"National Institute of Technology, Tiruchirappalli","Chemical Engineering (4 Years, Bachelor of Technology) TAMIL NADU",40,0,40,40,0,40,0
"National Institute of Technology, Tiruchirappalli","Civil Engineering (4 Years, Bachelor of Technology) Other than TAMIL NADU",59,0,59,59,0,59,0
"National Institute of Technology, Tiruchirappalli","Civil Engineering (4 Years, Bachelor of Technology) TAMIL NADU",59,0,59,59,0,59,0
"National Institute of Technology, Tiruchirappalli","Computer Science and Engineering (4 Years, Bachelor of Technology) Other than TAMIL NADU",59,0,59,59,0,59,0
"National Institute of Technology, Tiruchirappalli","Computer Science and Engineering (4 Years, Bachelor of Technology) TAMIL NADU",60,0,60,60,0,60,0
"National Institute of Technology, Tiruchirappalli","Electrical and Electronics Engineering (4 Years, Bachelor of Technology) Other than TAMIL NADU",58,0,58,58,0,58,0
"National Institute of Technology, Tiruchirappalli","Electrical and Electronics Engineering (4 Years, Bachelor of Technology) TAMIL NADU",58,0,58,58,0,58,0
"National Institute of Technology, Tiruchirappalli","Electronics and Communication Engineering (4 Years, Bachelor of Technology) Other than TAMIL NADU",59,0,59,59,0,59,0
"National Institute of Technology, Tiruchirappalli","Electronics and Communication Engineering (4 Years, Bachelor of Technology) TAMIL NADU",58,0,58,58,0,58,0
"National Institute of Technology, Tiruchirappalli","Instrumentation and Control Engineering (4 Years, Bachelor of Technology) Other than TAMIL NADU",59,0,59,59,0,59,0
"National Institute of Technology, Tiruchirappalli","Instrumentation and Control Engineering (4 Years, Bachelor of Technology) TAMIL NADU",58,0,58,58,0,58,0
"National Institute of Technology, Tiruchirappalli","Mechanical Engineering (4 Years, Bachelor of Technology) Other than TAMIL NADU",59,0,59,59,0,59,0
"National Institute of Technology, Tiruchirappalli","Mechanical Engineering (4 Years, Bachelor of Technology) TAMIL NADU",59,0,59,59,0,59,0
"National Institute of Technology, Tiruchirappalli","Metallurgical and Materials Engineering (4 Years, Bachelor of Technology) Other than TAMIL NADU",39,0,39,39,0,39,0
"National Institute of Technology, Tiruchirappalli","Metallurgical and Materials Engineering (4 Years, Bachelor of Technology) TAMIL NADU",40,0,40,40,0,40,0
"National Institute of Technology, Tiruchirappalli","Production Engineering (4 Years, Bachelor of Technology) Other than TAMIL NADU",59,0,59,59,0,59,0
"National Institute of Technology, Tiruchirappalli","Production Engineering (4 Years, Bachelor of Technology) TAMIL NADU",59,0,59,59,0,59,0
"National Institute of Technology, Uttarakhand","Civil Engineering (4 Years, Bachelor of Technology) Other than UTTARAKHAND",14,4,18,18,0,18,0
"National Institute of Technology, Uttarakhand","Civil Engineering (4 Years, Bachelor of Technology) UTTARAKHAND",14,4,18,18,0,18,0
"National Institute of Technology, Uttarakhand","Computer Science and Engineering (4 Years, Bachelor of Technology) Other than UTTARAKHAND",21,5,26,26,0,26,0
"National Institute of Technology, Uttarakhand","Computer Science and Engineering (4 Years, Bachelor of Technology) UTTARAKHAND",22,4,26,26,0,26,0
"National Institute of Technology, Uttarakhand","Electrical and Electronics Engineering (4 Years, Bachelor of Technology) Other than UTTARAKHAND",14,4,18,18,0,18,0
"National Institute of Technology, Uttarakhand","Electrical and Electronics Engineering (4 Years, Bachelor of Technology) UTTARAKHAND",14,4,18,18,0,18,0
"National Institute of Technology, Uttarakhand","Electronics and Communication Engineering (4 Years, Bachelor of Technology) Other than UTTARAKHAND",17,3,20,20,0,20,0
"National Institute of Technology, Uttarakhand","Electronics and Communication Engineering (4 Years, Bachelor of Technology) UTTARAKHAND",15,5,20,20,0,20,0
"National Institute of Technology, Uttarakhand","Mechanical Engineering (4 Years, Bachelor of Technology) Other than UTTARAKHAND",14,4,18,18,0,18,0
"National Institute of Technology, Uttarakhand","Mechanical Engineering (4 Years, Bachelor of Technology) UTTARAKHAND",15,3,18,18,0,18,0
"National Institute of Technology, Warangal","Bio Technology (4 Years, Bachelor of Technology) Other than TELANGANA",36,0,36,36,0,36,0
"National Institute of Technology, Warangal","Bio Technology (4 Years, Bachelor of Technology) TELANGANA",36,0,36,36,0,36,0
"National Institute of Technology, Warangal","Chemical Engineering (4 Years, Bachelor of Technology) Other than TELANGANA",55,0,55,49,0,49,-6
"National Institute of Technology, Warangal","Chemical Engineering (4 Years, Bachelor of Technology) TELANGANA",55,0,55,49,0,49,-6
"National Institute of Technology, Warangal","Chemical Engineering (5 Years, Bachelor and Master of Technology (Dual Degree)) Other than TELANGANA",0,0,0,6,0,6,6
"National Institute of Technology, Warangal","Chemical Engineering (5 Years, Bachelor and Master of Technology (Dual Degree)) TELANGANA",0,0,0,6,0,6,6
"National Institute of Technology, Warangal","Chemistry (5 Years, Integrated Master of Science) Other than TELANGANA",0,0,0,10,0,10,10
"National Institute of Technology, Warangal","Chemistry (5 Years, Integrated Master of Science) TELANGANA",0,0,0,10,0,10,10
"National Institute of Technology, Warangal","Civil Engineering (4 Years, Bachelor of Technology) Other than TELANGANA",55,0,55,55,0,55,0
"National Institute of Technology, Warangal","Civil Engineering (4 Years, Bachelor of Technology) TELANGANA",55,0,55,55,0,55,0
"National Institute of Technology, Warangal","Computer Science and Engineering ( Artificial Intelligence & Data Science) (4 Years, Bachelor of Technology) Other than TELANGANA",0,0,0,30,0,30,30
"National Institute of Technology, Warangal","Computer Science and Engineering ( Artificial Intelligence & Data Science) (4 Years, Bachelor of Technology) TELANGANA",0,0,0,30,0,30,30
"National Institute of Technology, Warangal","Computer Science and Engineering (4 Years, Bachelor of Technology) Other than TELANGANA",67,0,67,67,0,67,0
"National Institute of Technology, Warangal","Computer Science and Engineering (4 Years, Bachelor of Technology) TELANGANA",68,0,68,68,0,68,0
"National Institute of Technology, Warangal","Electrical and Electronics Engineering (4 Years, Bachelor of Technology) Other than TELANGANA",0,0,0,65,0,65,65
"National Institute of Technology, Warangal","Electrical and Electronics Engineering (4 Years, Bachelor of Technology) TELANGANA",0,0,0,65,0,65,65
"National Institute of Technology, Warangal","Electronics and Communication Engineering (4 Years, Bachelor of Technology) Other than TELANGANA",50,0,50,50,0,50,0
"National Institute of Technology, Warangal","Electronics and Communication Engineering (4 Years, Bachelor of Technology) TELANGANA",50,0,50,50,0,50,0
"National Institute of Technology, Warangal","Electronics and Communication Engineering (VLSI Design and Technology) (4 Years, Bachelor of Technology) Other than TELANGANA",20,0,20,20,0,20,0
"National Institute of Technology, Warangal","Electronics and Communication Engineering (VLSI Design and Technology) (4 Years, Bachelor of Technology) TELANGANA",20,0,20,20,0,20,0
"National Institute of Technology, Warangal","Mathematics (5 Years, Integrated Master of Science) Other than TELANGANA",0,0,0,10,0,10,10
"National Institute of Technology, Warangal","Mathematics (5 Years, Integrated Master of Science) TELANGANA",0,0,0,10,0,10,10
"National Institute of Technology, Warangal","Mathematics and Computing (4 Years, Bachelor of Technology) Other than TELANGANA",15,0,15,15,0,15,0
"National Institute of Technology, Warangal","Mathematics and Computing (4 Years, Bachelor of Technology) TELANGANA",15,0,15,15,0,15,0
"National Institute of Technology, Warangal","Mechanical Engineering (4 Years, Bachelor of Technology) Other than TELANGANA",65,0,65,65,0,65,0
"National Institute of Technology, Warangal","Mechanical Engineering (4 Years, Bachelor of Technology) TELANGANA",65,0,65,65,0,65,0
"National Institute of Technology, Warangal","Metallurgical and Materials Engineering (4 Years, Bachelor of Technology) Other than TELANGANA",0,0,0,30,0,30,30
"National Institute of Technology, Warangal","Metallurgical and Materials Engineering (4 Years, Bachelor of Technology) TELANGANA",0,0,0,30,0,30,30
"National Institute of Technology, Warangal","Metallurgical and Materials Engineering (5 Years, Bachelor and Master of Technology (Dual Degree)) Other than TELANGANA",0,0,0,6,0,6,6
"National Institute of Technology, Warangal","Metallurgical and Materials Engineering (5 Years, Bachelor and Master of Technology (Dual Degree)) TELANGANA",0,0,0,6,0,6,6
"National Institute of Technology, Warangal","Physics (5 Years, Integrated Master of Science) Other than TELANGANA",0,0,0,10,0,10,10
"National Institute of Technology, Warangal","Physics (5 Years, Integrated Master of Science) TELANGANA",0,0,0,10,0,10,10
