"Institute Name","Program Name","Seat Capacity","Female Supernumerary","Seat Capacity + Female Supernumerary"
"Indian Institute of Technology Bhubaneswar","Civil Engineering (4 Years, Bachelor of Technology)",110,0,110
"Indian Institute of Technology Bhubaneswar","Computer Science and Engineering (4 Years, Bachelor of Technology)",82,0,82
"Indian Institute of Technology Bhubaneswar","Electrical Engineering (4 Years, Bachelor of Technology)",81,0,81
"Indian Institute of Technology Bhubaneswar","Electronics and Communication Engineering (4 Years, Bachelor of Technology)",54,0,54
"Indian Institute of Technology Bhubaneswar","Engineering Physics (4 Years, Bachelor of Technology)",20,0,20
"Indian Institute of Technology Bhubaneswar","Mechanical Engineering (4 Years, Bachelor of Technology)",109,0,109
"Indian Institute of Technology Bhubaneswar","Metallurgical and Materials Engineering (4 Years, Bachelor of Technology)",40,0,40
"Indian Institute of Technology Bombay","Aerospace Engineering (4 Years, Bachelor of Technology)",71,10,81
"Indian Institute of Technology Bombay","Chemical Engineering (4 Years, Bachelor of Technology)",123,10,133
"Indian Institute of Technology Bombay","Civil Engineering (4 Years, Bachelor of Technology)",130,20,150
"Indian Institute of Technology Bombay","Environmental Science and Engineering (4 Years, Bachelor of Technology)",37,9,46
"Indian Institute of Technology Bombay","Computer Science and Engineering (4 Years, Bachelor of Technology)",170,29,199
"Indian Institute of Technology Bombay","Electrical Engineering (4 Years, Bachelor of Technology)",90,23,113
"Indian Institute of Technology Bombay","Engineering Physics (4 Years, Bachelor of Technology)",52,6,58
"Indian Institute of Technology Bombay","Mechanical Engineering (4 Years, Bachelor of Technology)",169,35,204
"Indian Institute of Technology Bombay","Metallurgical Engineering and Materials Science (4 Years, Bachelor of Technology)",112,11,123
"Indian Institute of Technology Bombay","Industrial Engineering and Operations Research (4 Years, Bachelor of Technology)",36,4,40
"Indian Institute of Technology Bombay","Energy Engineering (4 Years, Bachelor of Technology)",41,7,48
"Indian Institute of Technology Bombay","Chemistry (4 Years, Bachelor of Science)",35,0,35
"Indian Institute of Technology Bombay","Economics (4 Years, Bachelor of Science)",40,0,40
"Indian Institute of Technology Bombay","BS in Mathematics (4 Years, Bachelor of Science)",18,0,18
"Indian Institute of Technology Bombay","Electrical Engineering (5 Years, Bachelor and Master of Technology (Dual Degree))",80,10,90
"Indian Institute of Technology Mandi","Civil Engineering (4 Years, Bachelor of Technology)",46,4,50
"Indian Institute of Technology Mandi","B.Tech in General Engineering (4 Years, Bachelor of Technology)",30,0,30
"Indian Institute of Technology Mandi","Computer Science and Engineering (4 Years, Bachelor of Technology)",74,6,80
"Indian Institute of Technology Mandi","Electrical Engineering (4 Years, Bachelor of Technology)",67,3,70
"Indian Institute of Technology Mandi","Engineering Physics (4 Years, Bachelor of Technology)",30,0,30
"Indian Institute of Technology Mandi","B.Tech in Materials Science and Engineering (4 Years, Bachelor of Technology)",30,0,30
"Indian Institute of Technology Mandi","B.Tech in Microelectronics & VLSI (4 Years, Bachelor of Technology)",30,0,30
"Indian Institute of Technology Mandi","B.Tech in Mathematics and Computing (4 Years, Bachelor of Technology)",30,0,30
"Indian Institute of Technology Mandi","Mechanical Engineering (4 Years, Bachelor of Technology)",54,6,60
"Indian Institute of Technology Mandi","Bio Engineering (4 Years, Bachelor of Technology)",30,0,30
"Indian Institute of Technology Mandi","Data Science and Engineering (4 Years, Bachelor of Technology)",50,0,50
"Indian Institute of Technology Mandi","BS in Chemical Sciences (4 Years, Bachelor of Science)",30,0,30
"Indian Institute of Technology Delhi","Biotechnology and Biochemical Engineering (4 Years, Bachelor of Technology)",72,0,72
"Indian Institute of Technology Delhi","Chemical Engineering (4 Years, Bachelor of Technology)",75,0,75
"Indian Institute of Technology Delhi","Civil Engineering (4 Years, Bachelor of Technology)",108,2,110
"Indian Institute of Technology Delhi","Computer Science and Engineering (4 Years, Bachelor of Technology)",93,6,99
"Indian Institute of Technology Delhi","Electrical Engineering (4 Years, Bachelor of Technology)",110,10,120
"Indian Institute of Technology Delhi","Electrical Engineering (Power and Automation) (4 Years, Bachelor of Technology)",61,4,65
"Indian Institute of Technology Delhi","Engineering Physics (4 Years, Bachelor of Technology)",63,0,63
"Indian Institute of Technology Delhi","Mathematics and Computing (4 Years, Bachelor of Technology)",86,3,89
"Indian Institute of Technology Delhi","Mechanical Engineering (4 Years, Bachelor of Technology)",85,10,95
"Indian Institute of Technology Delhi","Production and Industrial Engineering (4 Years, Bachelor of Technology)",81,8,89
"Indian Institute of Technology Delhi","Textile Technology (4 Years, Bachelor of Technology)",91,5,96
"Indian Institute of Technology Delhi","Engineering and Computational Mechanics (4 Years, Bachelor of Technology)",40,0,40
"Indian Institute of Technology Delhi","Materials Engineering (4 Years, Bachelor of Technology)",40,0,40
"Indian Institute of Technology Delhi","Energy Engineering (4 Years, Bachelor of Technology)",40,0,40
"Indian Institute of Technology Delhi","Chemical Engineering (5 Years, Bachelor and Master of Technology (Dual Degree))",44,2,46
"Indian Institute of Technology Delhi","Computer Science and Engineering (5 Years, Bachelor and Master of Technology (Dual Degree))",33,4,37
"Indian Institute of Technology Delhi","Mathematics and Computing (5 Years, Bachelor and Master of Technology (Dual Degree))",30,3,33
"Indian Institute of Technology Indore","Chemical Engineering (4 Years, Bachelor of Technology)",40,0,40
"Indian Institute of Technology Indore","Civil Engineering (4 Years, Bachelor of Technology)",50,3,53
"Indian Institute of Technology Indore","Computer Science and Engineering (4 Years, Bachelor of Technology)",75,7,82
"Indian Institute of Technology Indore","Electrical Engineering (4 Years, Bachelor of Technology)",75,10,85
"Indian Institute of Technology Indore","Engineering Physics (4 Years, Bachelor of Technology)",20,0,20
"Indian Institute of Technology Indore","Space Sciences and Engineering (4 Years, Bachelor of Technology)",20,0,20
"Indian Institute of Technology Indore","Mathematics and Computing (4 Years, Bachelor of Technology)",40,0,40
"Indian Institute of Technology Indore","Mechanical Engineering (4 Years, Bachelor of Technology)",75,12,87
"Indian Institute of Technology Indore","Metallurgical Engineering and Materials Science (4 Years, Bachelor of Technology)",50,3,53
"Indian Institute of Technology Kharagpur","Aerospace Engineering (4 Years, Bachelor of Technology)",65,5,70
"Indian Institute of Technology Kharagpur","Agricultural and Food Engineering (4 Years, Bachelor of Technology)",88,5,93
"Indian Institute of Technology Kharagpur","Biotechnology and Biochemical Engineering (4 Years, Bachelor of Technology)",66,4,70
"Indian Institute of Technology Kharagpur","Chemical Engineering (4 Years, Bachelor of Technology)",100,15,115
"Indian Institute of Technology Kharagpur","Civil Engineering (4 Years, Bachelor of Technology)",104,15,119
"Indian Institute of Technology Kharagpur","Computer Science and Engineering (4 Years, Bachelor of Technology)",118,22,140
"Indian Institute of Technology Kharagpur","Electrical Engineering (4 Years, Bachelor of Technology)",96,17,113
"Indian Institute of Technology Kharagpur","Electronics and Electrical Communication Engineering (4 Years, Bachelor of Technology)",127,23,150
"Indian Institute of Technology Kharagpur","Instrumentation Engineering (4 Years, Bachelor of Technology)",41,3,44
"Indian Institute of Technology Kharagpur","Manufacturing Science and Engineering (4 Years, Bachelor of Technology)",55,11,66
"Indian Institute of Technology Kharagpur","Mechanical Engineering (4 Years, Bachelor of Technology)",144,28,172
"Indian Institute of Technology Kharagpur","Metallurgical and Materials Engineering (4 Years, Bachelor of Technology)",80,13,93
"Indian Institute of Technology Kharagpur","Mining Engineering (4 Years, Bachelor of Technology)",95,18,113
"Indian Institute of Technology Kharagpur","Ocean Engineering and Naval Architecture (4 Years, Bachelor of Technology)",71,9,80
"Indian Institute of Technology Kharagpur","Industrial and Systems Engineering (4 Years, Bachelor of Technology)",63,9,72
"Indian Institute of Technology Kharagpur","Artificial Intelligence (4 Years, Bachelor of Technology)",30,0,30
"Indian Institute of Technology Kharagpur","Chemistry (4 Years, Bachelor of Science)",45,0,45
"Indian Institute of Technology Kharagpur","Economics (4 Years, Bachelor of Science)",59,0,59
"Indian Institute of Technology Kharagpur","Physics (4 Years, Bachelor of Science)",49,0,49
"Indian Institute of Technology Kharagpur","Mathematics and Computing (4 Years, Bachelor of Science)",69,0,69
"Indian Institute of Technology Kharagpur","Applied Geology (4 Years, Bachelor of Science)",52,0,52
"Indian Institute of Technology Kharagpur","Exploration Geophysics (4 Years, Bachelor of Science)",45,0,45
"Indian Institute of Technology Kharagpur","Architecture (5 Years, Bachelor of Architecture)",37,3,40
"Indian Institute of Technology Hyderabad","Chemical Engineering (4 Years, Bachelor of Technology)",37,8,45
"Indian Institute of Technology Hyderabad","Civil Engineering (4 Years, Bachelor of Technology)",49,11,60
"Indian Institute of Technology Hyderabad","Computational Engineering (4 Years, Bachelor of Technology)",22,3,25
"Indian Institute of Technology Hyderabad","Industrial Chemistry (4 Years, Bachelor of Technology)",22,3,25
"Indian Institute of Technology Hyderabad","Electrical Engineering (IC Design and Technology) (4 Years, Bachelor of Technology)",21,4,25
"Indian Institute of Technology Hyderabad","Computer Science and Engineering (4 Years, Bachelor of Technology)",53,12,65
"Indian Institute of Technology Hyderabad","Electrical Engineering (4 Years, Bachelor of Technology)",53,12,65
"Indian Institute of Technology Hyderabad","Engineering Physics (4 Years, Bachelor of Technology)",29,6,35
"Indian Institute of Technology Hyderabad","Engineering Science (4 Years, Bachelor of Technology)",33,7,40
"Indian Institute of Technology Hyderabad","Mathematics and Computing (4 Years, Bachelor of Technology)",21,4,25
"Indian Institute of Technology Hyderabad","Mechanical Engineering (4 Years, Bachelor of Technology)",53,12,65
"Indian Institute of Technology Hyderabad","Materials Science and Metallurgical Engineering (4 Years, Bachelor of Technology)",29,6,35
"Indian Institute of Technology Hyderabad","Artificial Intelligence (4 Years, Bachelor of Technology)",29,6,35
"Indian Institute of Technology Hyderabad","Biomedical Engineering (4 Years, Bachelor of Technology)",21,4,25
"Indian Institute of Technology Hyderabad","Biotechnology and Bioinformatics",22,3,25
"Indian Institute of Technology Jodhpur","Chemical Engineering (4 Years, Bachelor of Technology)",40,10,50
"Indian Institute of Technology Jodhpur","Computer Science and Engineering (4 Years, Bachelor of Technology)",64,16,80
"Indian Institute of Technology Jodhpur","Electrical Engineering (4 Years, Bachelor of Technology)",72,18,90
"Indian Institute of Technology Jodhpur","Mechanical Engineering (4 Years, Bachelor of Technology)",72,18,90
"Indian Institute of Technology Jodhpur","Civil and Infrastructure Engineering (4 Years, Bachelor of Technology)",48,12,60
"Indian Institute of Technology Jodhpur","Bio Engineering (4 Years, Bachelor of Technology)",40,10,50
"Indian Institute of Technology Jodhpur","Artificial Intelligence and Data Science (4 Years, Bachelor of Technology)",56,14,70
"Indian Institute of Technology Jodhpur","Materials Engineering (4 Years, Bachelor of Technology)",40,10,50
"Indian Institute of Technology Jodhpur","Physics with Specialization (4 Years, Bachelor of Science)",24,6,30
"Indian Institute of Technology Jodhpur","Chemistry with Specialization (4 Years, Bachelor of Science)",24,6,30
"Indian Institute of Technology Kanpur","Aerospace Engineering (4 Years, Bachelor of Technology)",55,14,69
"Indian Institute of Technology Kanpur","Biological Sciences and Bioengineering (4 Years, Bachelor of Technology)",42,11,53
"Indian Institute of Technology Kanpur","Chemical Engineering (4 Years, Bachelor of Technology)",83,21,104
"Indian Institute of Technology Kanpur","Civil Engineering (4 Years, Bachelor of Technology)",118,30,148
"Indian Institute of Technology Kanpur","Computer Science and Engineering (4 Years, Bachelor of Technology)",103,26,129
"Indian Institute of Technology Kanpur","Electrical Engineering (4 Years, Bachelor of Technology)",153,39,192
"Indian Institute of Technology Kanpur","Materials Science and Engineering (4 Years, Bachelor of Technology)",68,17,85
"Indian Institute of Technology Kanpur","Mechanical Engineering (4 Years, Bachelor of Technology)",119,30,149
"Indian Institute of Technology Kanpur","Chemistry (4 Years, Bachelor of Science)",39,10,49
"Indian Institute of Technology Kanpur","Economics (4 Years, Bachelor of Science)",41,11,52
"Indian Institute of Technology Kanpur","Mathematics and Scientific Computing (4 Years, Bachelor of Science)",51,13,64
"Indian Institute of Technology Kanpur","Physics (4 Years, Bachelor of Science)",36,9,45
"Indian Institute of Technology Kanpur","Earth Sciences (4 Years, Bachelor of Science)",34,9,43
"Indian Institute of Technology Kanpur","Statistics and Data Science (4 Years, Bachelor of Science)",22,6,28
"Indian Institute of Technology Madras","Aerospace Engineering (4 Years, Bachelor of Technology)",54,1,55
"Indian Institute of Technology Madras","Chemical Engineering (4 Years, Bachelor of Technology)",114,3,117
"Indian Institute of Technology Madras","Civil Engineering (4 Years, Bachelor of Technology)",121,6,127
"Indian Institute of Technology Madras","Computer Science and Engineering (4 Years, Bachelor of Technology)",81,6,87
"Indian Institute of Technology Madras","Electrical Engineering (4 Years, Bachelor of Technology)",148,6,154
"Indian Institute of Technology Madras","Engineering Physics (4 Years, Bachelor of Technology)",37,5,42
"Indian Institute of Technology Madras","Biological Engineering (4 Years, Bachelor of Technology)",40,1,41
"Indian Institute of Technology Madras","Mechanical Engineering (4 Years, Bachelor of Technology)",153,27,180
"Indian Institute of Technology Madras","Metallurgical and Materials Engineering (4 Years, Bachelor of Technology)",54,5,59
"Indian Institute of Technology Madras","Artificial Intelligence and Data Analytics (4 Years, Bachelor of Technology)",50,0,50
"Indian Institute of Technology Madras","Naval Architecture and Ocean Engineering (4 Years, Bachelor of Technology)",69,9,78
"Indian Institute of Technology Madras","Biological Science (4 Years, Bachelor of Science)",40,1,41
"Indian Institute of Technology Madras","Aerospace Engineering (5 Years, Bachelor and Master of Technology (Dual Degree))",10,0,10
"Indian Institute of Technology Madras","Engineering Design (5 Years, Bachelor and Master of Technology (Dual Degree))",71,3,74
"Indian Institute of Technology Madras","Physics (5 Years, Bachelor of Science and Master of Science (Dual Degree))",12,1,13
"Indian Institute of Technology Gandhinagar","Chemical Engineering (4 Years, Bachelor of Technology)",40,10,50
"Indian Institute of Technology Gandhinagar","Civil Engineering (4 Years, Bachelor of Technology)",32,8,40
"Indian Institute of Technology Gandhinagar","Computer Science and Engineering (4 Years, Bachelor of Technology)",40,10,50
"Indian Institute of Technology Gandhinagar","Electrical Engineering (4 Years, Bachelor of Technology)",40,10,50
"Indian Institute of Technology Gandhinagar","Mechanical Engineering (4 Years, Bachelor of Technology)",40,10,50
"Indian Institute of Technology Gandhinagar","Integrated Circuit Design & Technology (4 Years, Bachelor of Technology)",24,6,30
"Indian Institute of Technology Gandhinagar","Artificial Intelligence (4 Years, Bachelor of Technology)",24,6,30
"Indian Institute of Technology Gandhinagar","Materials Engineering (4 Years, Bachelor of Technology)",33,7,40
"Indian Institute of Technology Gandhinagar","Computer Science and Engineering (5 Years, Bachelor and Master of Technology (Dual Degree))",16,4,20
"Indian Institute of Technology Gandhinagar","Electrical Engineering (5 Years, Bachelor and Master of Technology (Dual Degree))",16,4,20
"Indian Institute of Technology Gandhinagar","Mechanical Engineering (5 Years, Bachelor and Master of Technology (Dual Degree))",15,5,20
"Indian Institute of Technology Patna","Chemical Engineering (4 Years, Bachelor of Technology)",65,5,70
"Indian Institute of Technology Patna","Chemical Science and Technology (4 Years, Bachelor of Technology)",40,7,47
"Indian Institute of Technology Patna","Civil Engineering (4 Years, Bachelor of Technology)",64,6,70
"Indian Institute of Technology Patna","Computer Science and Engineering (4 Years, Bachelor of Technology)",83,3,86
"Indian Institute of Technology Patna","Electronics and Communication Engineering (4 Years, Bachelor of Technology)",48,2,50
"Indian Institute of Technology Patna","Engineering Physics (4 Years, Bachelor of Technology)",37,3,40
"Indian Institute of Technology Patna","Mathematics and Computing (4 Years, Bachelor of Technology)",47,3,50
"Indian Institute of Technology Patna","Mechanical Engineering (4 Years, Bachelor of Technology)",82,4,86
"Indian Institute of Technology Patna","Metallurgical and Materials Engineering (4 Years, Bachelor of Technology)",43,3,46
"Indian Institute of Technology Patna","Electrical and Electronics Engineering (4 Years, Bachelor of Technology)",48,2,50
"Indian Institute of Technology Patna","Artificial Intelligence and Data Science (4 Years, Bachelor of Technology)",46,4,50
"Indian Institute of Technology Patna","Economics (4 Years, Bachelor of Science)",24,0,24
"Indian Institute of Technology Patna","B.Tech. in Electronics and Communication Engineering and M.Tech. in Communication Systems (5 Years, Bachelor and Master of Technology (Dual Degree))",10,0,10
"Indian Institute of Technology Patna","B.Tech (Chemical Science and Technology) - MBA in Hospital and Health Care Management (IIM Bodh Gaya) (5 Years, Bachelor of Technology and MBA (Dual Degree))",5,0,5
"Indian Institute of Technology Patna","B.Tech (Civil Engineering) - MBA (IIM Bodh Gaya) (5 Years, Bachelor of Technology and MBA (Dual Degree))",6,0,6
"Indian Institute of Technology Patna","B.Tech (Computer Science and Engineering) - MBA in Digital Business Management (IIM Bodh Gaya) (5 Years, Bachelor of Technology and MBA (Dual Degree))",5,0,5
"Indian Institute of Technology Patna","B.Tech (Electronics and Communication Engineering) - MBA in Hospital and Healthcare Management (IIM Bodh Gaya) (5 Years, Bachelor of Technology and MBA (Dual Degree))",5,0,5
"Indian Institute of Technology Patna","B.Tech (Engineering Physics) - MBA (IIM Bodh Gaya) (5 Years, Bachelor of Technology and MBA (Dual Degree))",6,0,6
"Indian Institute of Technology Patna","B.Tech (Mathematics and Computing) - MBA in Digital Business Management (IIM Bodh Gaya) (5 Years, Bachelor of Technology and MBA (Dual Degree))",5,0,5
"Indian Institute of Technology Patna","B.Tech (Metallurgical and Materials Engineering) - MBA (IIM Bodh Gaya) (5 Years, Bachelor of Technology and MBA (Dual Degree))",6,0,6
"Indian Institute of Technology Patna","B.Tech (Electrical and Electronics Engineering) - MBA (IIM Bodh Gaya) (5 Years, Bachelor of Technology and MBA (Dual Degree))",6,0,6
"Indian Institute of Technology Patna","B.Tech (Artificial Intelligence and Data Science) - MBA in Digital Business Management (IIM Bodh Gaya) (5 Years, Bachelor of Technology and MBA (Dual Degree))",5,0,5
"Indian Institute of Technology Patna","B.Tech (Chemical Engineering) - MBA in Hospital and Health Care Management (IIM Bodh Gaya) (5 Years, Bachelor of Technology and MBA (Dual Degree))",5,0,5
"Indian Institute of Technology Patna","B.Tech (Mechanical Engineering) - MBA (IIM Mumbai) (5 Years, Bachelor of Technology and MBA (Dual Degree))",15,0,15
"Indian Institute of Technology Patna","B. Tech in CE. - M. Tech. in Geotechnical Engineering (5 Years, B.Tech. + M.Tech./MS (Dual Degree))",10,0,10
"Indian Institute of Technology Patna","B. Tech in CE. - M. Tech. in Structural Engineering (5 Years, B.Tech. + M.Tech./MS (Dual Degree))",10,0,10
"Indian Institute of Technology Patna","B. Tech. (CSE) and M.Tech in CSE (5 Years, B.Tech. + M.Tech./MS (Dual Degree))",10,0,10
"Indian Institute of Technology Patna","B. Tech. (ECE) - M. Tech. in VLSI (5 Years, B.Tech. + M.Tech./MS (Dual Degree))",10,0,10
"Indian Institute of Technology Patna","B. Tech. (EEE)-M. Tech. in (Power & Control) (5 Years, B.Tech. + M.Tech./MS (Dual Degree))",10,0,10
"Indian Institute of Technology Patna","B. Tech. (Mathematics & Computing) M. Tech. in (Mathematics & Computing) (5 Years, B.Tech. + M.Tech./MS (Dual Degree))",10,0,10
"Indian Institute of Technology Patna","B. Tech. (ME) - M. Tech. in Mechatronics (5 Years, B.Tech. + M.Tech./MS (Dual Degree))",10,0,10
"Indian Institute of Technology Patna","BS in Economics with MBA (IIM Bodh Gaya) (5 Years, Bachelor of Science and MBA (Dual Degree))",6,0,6
"Indian Institute of Technology Roorkee","Chemical Engineering (4 Years, Bachelor of Technology)",109,8,117
"Indian Institute of Technology Roorkee","Civil Engineering (4 Years, Bachelor of Technology)",133,21,154
"Indian Institute of Technology Roorkee","Computer Science and Engineering (4 Years, Bachelor of Technology)",94,15,109
"Indian Institute of Technology Roorkee","Electrical Engineering (4 Years, Bachelor of Technology)",150,15,165
"Indian Institute of Technology Roorkee","Electronics and Communication Engineering (4 Years, Bachelor of Technology)",100,9,109
"Indian Institute of Technology Roorkee","Engineering Physics (4 Years, Bachelor of Technology)",47,3,50
"Indian Institute of Technology Roorkee","Mechanical Engineering (4 Years, Bachelor of Technology)",125,25,150
"Indian Institute of Technology Roorkee","Metallurgical and Materials Engineering (4 Years, Bachelor of Technology)",70,12,82
"Indian Institute of Technology Roorkee","Production and Industrial Engineering (4 Years, Bachelor of Technology)",50,8,58
"Indian Institute of Technology Roorkee","Data Science and Artificial Intelligence (4 Years, Bachelor of Technology)",40,0,40
"Indian Institute of Technology Roorkee","Biosciences and Bioengineering (4 Years, Bachelor of Technology)",44,2,46
"Indian Institute of Technology Roorkee","Energy Engineering (4 Years, Bachelor of Technology)",20,0,20
"Indian Institute of Technology Roorkee","Architecture (5 Years, Bachelor of Architecture)",30,0,30
"Indian Institute of Technology Roorkee","Geological Technology (5 Years, Integrated Master of Technology)",38,0,38
"Indian Institute of Technology Roorkee","Geophysical Technology (5 Years, Integrated Master of Technology)",38,3,41
"Indian Institute of Technology Roorkee","Physics (5 Years, Bachelor of Science and Master of Science (Dual Degree))",25,2,27
"Indian Institute of Technology Roorkee","Mathematics & Computing (5 Years, Bachelor of Science and Master of Science (Dual Degree))",44,5,49
"Indian Institute of Technology Roorkee","Chemical Sciences (5 Years, Bachelor of Science and Master of Science (Dual Degree))",35,0,35
"Indian Institute of Technology Roorkee","Economics (5 Years, Bachelor of Science and Master of Science (Dual Degree))",33,0,33
"Indian Institute of Technology (ISM) Dhanbad","Chemical Engineering (4 Years, Bachelor of Technology)",49,6,55
"Indian Institute of Technology (ISM) Dhanbad","Civil Engineering (4 Years, Bachelor of Technology)",61,8,69
"Indian Institute of Technology (ISM) Dhanbad","Computer Science and Engineering (4 Years, Bachelor of Technology)",124,15,139
"Indian Institute of Technology (ISM) Dhanbad","Electrical Engineering (4 Years, Bachelor of Technology)",114,9,123
"Indian Institute of Technology (ISM) Dhanbad","Electronics and Communication Engineering (4 Years, Bachelor of Technology)",116,8,124
"Indian Institute of Technology (ISM) Dhanbad","Engineering Physics (4 Years, Bachelor of Technology)",29,2,31
"Indian Institute of Technology (ISM) Dhanbad","Environmental Engineering (4 Years, Bachelor of Technology)",47,1,48
"Indian Institute of Technology (ISM) Dhanbad","Mathematics and Computing (4 Years, Bachelor of Technology)",55,0,55
"Indian Institute of Technology (ISM) Dhanbad","Mechanical Engineering (4 Years, Bachelor of Technology)",111,20,131
"Indian Institute of Technology (ISM) Dhanbad","Mining Engineering (4 Years, Bachelor of Technology)",103,14,117
"Indian Institute of Technology (ISM) Dhanbad","Mining Machinery Engineering (4 Years, Bachelor of Technology)",47,9,56
"Indian Institute of Technology (ISM) Dhanbad","Petroleum Engineering (4 Years, Bachelor of Technology)",79,11,90
"Indian Institute of Technology (ISM) Dhanbad","Mineral and Metallurgical Engineering (4 Years, Bachelor of Technology)",37,8,45
"Indian Institute of Technology (ISM) Dhanbad","Applied Geology (5 Years, Integrated Master of Technology)",19,2,21
"Indian Institute of Technology (ISM) Dhanbad","Applied Geophysics (5 Years, Integrated Master of Technology)",19,2,21
"Indian Institute of Technology Ropar","Chemical Engineering (4 Years, Bachelor of Technology)",34,1,35
"Indian Institute of Technology Ropar","Civil Engineering (4 Years, Bachelor of Technology)",32,3,35
"Indian Institute of Technology Ropar","Computer Science and Engineering (4 Years, Bachelor of Technology)",73,11,84
"Indian Institute of Technology Ropar","Electrical Engineering (4 Years, Bachelor of Technology)",72,12,84
"Indian Institute of Technology Ropar","Engineering Physics (4 Years, Bachelor of Technology)",24,1,25
"Indian Institute of Technology Ropar","Artificial Intelligence and Data Engineering (4 Years, Bachelor of Technology)",19,1,20
"Indian Institute of Technology Ropar","Mathematics and Computing (4 Years, Bachelor of Technology)",34,2,36
"Indian Institute of Technology Ropar","Mechanical Engineering (4 Years, Bachelor of Technology)",67,16,83
"Indian Institute of Technology Ropar","Metallurgical and Materials Engineering (4 Years, Bachelor of Technology)",27,1,28
"Indian Institute of Technology (BHU) Varanasi","Ceramic Engineering (4 Years, Bachelor of Technology)",75,0,75
"Indian Institute of Technology (BHU) Varanasi","Chemical Engineering (4 Years, Bachelor of Technology)",156,0,156
"Indian Institute of Technology (BHU) Varanasi","Civil Engineering (4 Years, Bachelor of Technology)",110,10,120
"Indian Institute of Technology (BHU) Varanasi","Computer Science and Engineering (4 Years, Bachelor of Technology)",89,10,99
"Indian Institute of Technology (BHU) Varanasi","Electrical Engineering (4 Years, Bachelor of Technology)",108,7,115
"Indian Institute of Technology (BHU) Varanasi","Electronics Engineering (4 Years, Bachelor of Technology)",123,10,133
"Indian Institute of Technology (BHU) Varanasi","Mechanical Engineering (4 Years, Bachelor of Technology)",136,12,148
"Indian Institute of Technology (BHU) Varanasi","Metallurgical Engineering (4 Years, Bachelor of Technology)",102,4,106
"Indian Institute of Technology (BHU) Varanasi","Mining Engineering (4 Years, Bachelor of Technology)",123,8,131
"Indian Institute of Technology (BHU) Varanasi","Pharmaceutical Engineering & Technology (4 Years, Bachelor of Technology)",80,0,80
"Indian Institute of Technology (BHU) Varanasi","Architecture (5 Years, Bachelor of Architecture)",26,0,26
"Indian Institute of Technology (BHU) Varanasi","Biochemical Engineering with M.Tech. in Biochemical Engineering and Biotechnology (5 Years, Bachelor and Master of Technology (Dual Degree))",25,0,25
"Indian Institute of Technology (BHU) Varanasi","Bioengineering with M.Tech in Biomedical Technology (5 Years, Bachelor and Master of Technology (Dual Degree))",20,1,21
"Indian Institute of Technology (BHU) Varanasi","Ceramic Engineering (5 Years, Bachelor and Master of Technology (Dual Degree))",18,2,20
"Indian Institute of Technology (BHU) Varanasi","Civil Engineering (5 Years, Bachelor and Master of Technology (Dual Degree))",28,2,30
"Indian Institute of Technology (BHU) Varanasi","Computer Science and Engineering (5 Years, Bachelor and Master of Technology (Dual Degree))",31,3,34
"Indian Institute of Technology (BHU) Varanasi","Electrical Engineering with M.Tech. in Power Electronics (5 Years, Bachelor and Master of Technology (Dual Degree))",29,1,30
"Indian Institute of Technology (BHU) Varanasi","Materials Science and Technology (5 Years, Bachelor and Master of Technology (Dual Degree))",28,0,28
"Indian Institute of Technology (BHU) Varanasi","Mechanical Engineering (5 Years, Bachelor and Master of Technology (Dual Degree))",30,2,32
"Indian Institute of Technology (BHU) Varanasi","Metallurgical Engineering (5 Years, Bachelor and Master of Technology (Dual Degree))",27,1,28
"Indian Institute of Technology (BHU) Varanasi","Mining Engineering (5 Years, Bachelor and Master of Technology (Dual Degree))",28,2,30
"Indian Institute of Technology (BHU) Varanasi","Mathematics and Computing (5 Years, Bachelor and Master of Technology (Dual Degree))",52,0,52
"Indian Institute of Technology (BHU) Varanasi","Engineering Physics (5 Years, Bachelor and Master of Technology (Dual Degree))",27,1,28
"Indian Institute of Technology (BHU) Varanasi","Industrial Chemistry (5 Years, Bachelor and Master of Technology (Dual Degree))",21,0,21
"Indian Institute of Technology (BHU) Varanasi","Pharmaceutical Engineering & Technology (5 Years, Bachelor and Master of Technology (Dual Degree))",21,0,21
"Indian Institute of Technology Guwahati","Chemical Engineering (4 Years, Bachelor of Technology)",87,10,97
"Indian Institute of Technology Guwahati","Chemical Science and Technology (4 Years, Bachelor of Technology)",61,4,65
"Indian Institute of Technology Guwahati","Civil Engineering (4 Years, Bachelor of Technology)",99,18,117
"Indian Institute of Technology Guwahati","Computer Science and Engineering (4 Years, Bachelor of Technology)",99,15,114
"Indian Institute of Technology Guwahati","Electronics and Communication Engineering (4 Years, Bachelor of Technology)",90,14,104
"Indian Institute of Technology Guwahati","Electronics and Electrical Engineering (4 Years, Bachelor of Technology)",52,10,62
"Indian Institute of Technology Guwahati","Engineering Physics (4 Years, Bachelor of Technology)",61,7,68
"Indian Institute of Technology Guwahati","Mathematics and Computing (4 Years, Bachelor of Technology)",68,4,72
"Indian Institute of Technology Guwahati","Mechanical Engineering (4 Years, Bachelor of Technology)",99,20,119
"Indian Institute of Technology Guwahati","Data Science and Artificial Intelligence (4 Years, Bachelor of Technology)",40,0,40
"Indian Institute of Technology Guwahati","Biosciences and Bioengineering (4 Years, Bachelor of Technology)",79,5,84
"Indian Institute of Technology Guwahati","Energy Engineering (4 Years, Bachelor of Technology)",20,0,20
"Indian Institute of Technology Bhilai","Computer Science and Engineering (4 Years, Bachelor of Technology)",50,5,55
"Indian Institute of Technology Bhilai","Electrical Engineering (4 Years, Bachelor of Technology)",50,0,50
"Indian Institute of Technology Bhilai","Electronics and Communication Engineering (4 Years, Bachelor of Technology)",40,0,40
"Indian Institute of Technology Bhilai","Mechanical Engineering (4 Years, Bachelor of Technology)",50,4,54
"Indian Institute of Technology Bhilai","Materials Science and Metallurgical Engineering (4 Years, Bachelor of Technology)",20,0,20
"Indian Institute of Technology Bhilai","Mechatronics Engineering (4 Years, Bachelor of Technology)",20,0,20
"Indian Institute of Technology Bhilai","Data Science and Artificial Intelligence (4 Years, Bachelor of Technology)",40,0,40
"Indian Institute of Technology Goa","Computer Science and Engineering (4 Years, Bachelor of Technology)",32,8,40
"Indian Institute of Technology Goa","Electrical Engineering (4 Years, Bachelor of Technology)",34,9,43
"Indian Institute of Technology Goa","Mathematics and Computing (4 Years, Bachelor of Technology)",23,6,29
"Indian Institute of Technology Goa","Mechanical Engineering (4 Years, Bachelor of Technology)",36,9,45
"Indian Institute of Technology Palakkad","Civil Engineering (4 Years, Bachelor of Technology)",32,8,40
"Indian Institute of Technology Palakkad","Computer Science and Engineering (4 Years, Bachelor of Technology)",32,8,40
"Indian Institute of Technology Palakkad","Electrical Engineering (4 Years, Bachelor of Technology)",32,8,40
"Indian Institute of Technology Palakkad","Mechanical Engineering (4 Years, Bachelor of Technology)",32,8,40
"Indian Institute of Technology Palakkad","Data Science and Engineering (4 Years, Bachelor of Technology)",32,8,40
"Indian Institute of Technology Tirupati","Chemical Engineering (4 Years, Bachelor of Technology)",37,2,39
"Indian Institute of Technology Tirupati","Civil Engineering (4 Years, Bachelor of Technology)",37,2,39
"Indian Institute of Technology Tirupati","Computer Science and Engineering (4 Years, Bachelor of Technology)",50,3,53
"Indian Institute of Technology Tirupati","Electrical Engineering (4 Years, Bachelor of Technology)",57,3,60
"Indian Institute of Technology Tirupati","Engineering Physics (4 Years, Bachelor of Technology)",10,0,10
"Indian Institute of Technology Tirupati","Mechanical Engineering (4 Years, Bachelor of Technology)",50,3,53
"Indian Institute of Technology Jammu","Chemical Engineering (4 Years, Bachelor of Technology)",40,0,40
"Indian Institute of Technology Jammu","Civil Engineering (4 Years, Bachelor of Technology)",40,0,40
"Indian Institute of Technology Jammu","Computer Science and Engineering (4 Years, Bachelor of Technology)",40,0,40
"Indian Institute of Technology Jammu","Electrical Engineering (4 Years, Bachelor of Technology)",40,0,40
"Indian Institute of Technology Jammu","Mathematics and Computing (4 Years, Bachelor of Technology)",40,0,40
"Indian Institute of Technology Jammu","Mechanical Engineering (4 Years, Bachelor of Technology)",40,0,40
"Indian Institute of Technology Jammu","Materials Engineering (4 Years, Bachelor of Technology)",40,0,40
"Indian Institute of Technology Dharwad","Chemical and Biochemical Engineering (4 Years, Bachelor of Technology)",28,2,30
"Indian Institute of Technology Dharwad","Computer Science and Engineering (4 Years, Bachelor of Technology)",62,3,65
"Indian Institute of Technology Dharwad","Electronics and Communication Engineering (4 Years, Bachelor of Technology)",42,3,45
"Indian Institute of Technology Dharwad","Engineering Physics (4 Years, Bachelor of Technology)",28,2,30
"Indian Institute of Technology Dharwad","Mathematics and Computing (4 Years, Bachelor of Technology)",28,2,30
"Indian Institute of Technology Dharwad","Mechanical Engineering (4 Years, Bachelor of Technology)",62,3,65
"Indian Institute of Technology Dharwad","Civil and Infrastructure Engineering (4 Years, Bachelor of Technology)",28,2,30
"Indian Institute of Technology Dharwad","Electrical and Electronics Engineering (4 Years, Bachelor of Technology)",28,2,30
"Indian Institute of Technology Dharwad","Interdisciplinary Sciences (5 Years, Bachelor of Science and Master of Science (Dual Degree))",57,3,60
"Dr. B R Ambedkar National Institute of Technology, Jalandhar","Bio Technology (4 Years, Bachelor of Technology) PUNJAB",25,0,25
"Dr. B R Ambedkar National Institute of Technology, Jalandhar","Bio Technology (4 Years, Bachelor of Technology) Other than PUNJAB",25,0,25
"Dr. B R Ambedkar National Institute of Technology, Jalandhar","Chemical Engineering (4 Years, Bachelor of Technology) PUNJAB",37,0,37
"Dr. B R Ambedkar National Institute of Technology, Jalandhar","Chemical Engineering (4 Years, Bachelor of Technology) Other than PUNJAB",37,0,37
"Dr. B R Ambedkar National Institute of Technology, Jalandhar","Civil Engineering (4 Years, Bachelor of Technology) PUNJAB",42,0,42
"Dr. B R Ambedkar National Institute of Technology, Jalandhar","Civil Engineering (4 Years, Bachelor of Technology) Other than PUNJAB",43,0,43
"Dr. B R Ambedkar National Institute of Technology, Jalandhar","Electronics and VLSI Engineering (4 Years, Bachelor of Technology) PUNJAB",15,0,15
"Dr. B R Ambedkar National Institute of Technology, Jalandhar","Electronics and VLSI Engineering (4 Years, Bachelor of Technology) Other than PUNJAB",15,0,15
"Dr. B R Ambedkar National Institute of Technology, Jalandhar","Computer Science and Engineering (4 Years, Bachelor of Technology) PUNJAB",79,0,79
"Dr. B R Ambedkar National Institute of Technology, Jalandhar","Computer Science and Engineering (4 Years, Bachelor of Technology) Other than PUNJAB",79,0,79
"Dr. B R Ambedkar National Institute of Technology, Jalandhar","Electrical Engineering (4 Years, Bachelor of Technology) PUNJAB",30,0,30
"Dr. B R Ambedkar National Institute of Technology, Jalandhar","Electrical Engineering (4 Years, Bachelor of Technology) Other than PUNJAB",30,0,30
"Dr. B R Ambedkar National Institute of Technology, Jalandhar","Electronics and Communication Engineering (4 Years, Bachelor of Technology) PUNJAB",43,0,43
"Dr. B R Ambedkar National Institute of Technology, Jalandhar","Electronics and Communication Engineering (4 Years, Bachelor of Technology) Other than PUNJAB",43,0,43
"Dr. B R Ambedkar National Institute of Technology, Jalandhar","Mathematics and Computing (4 Years, Bachelor of Technology) PUNJAB",20,0,20
"Dr. B R Ambedkar National Institute of Technology, Jalandhar","Mathematics and Computing (4 Years, Bachelor of Technology) Other than PUNJAB",20,0,20
"Dr. B R Ambedkar National Institute of Technology, Jalandhar","Mechanical Engineering (4 Years, Bachelor of Technology) PUNJAB",55,0,55
"Dr. B R Ambedkar National Institute of Technology, Jalandhar","Mechanical Engineering (4 Years, Bachelor of Technology) Other than PUNJAB",55,0,55
"Dr. B R Ambedkar National Institute of Technology, Jalandhar","Textile Technology (4 Years, Bachelor of Technology) PUNJAB",37,2,39
"Dr. B R Ambedkar National Institute of Technology, Jalandhar","Textile Technology (4 Years, Bachelor of Technology) Other than PUNJAB",38,1,39
"Dr. B R Ambedkar National Institute of Technology, Jalandhar","Information Technology (4 Years, Bachelor of Technology) PUNJAB",60,0,60
"Dr. B R Ambedkar National Institute of Technology, Jalandhar","Information Technology (4 Years, Bachelor of Technology) Other than PUNJAB",60,0,60
"Dr. B R Ambedkar National Institute of Technology, Jalandhar","Instrumentation and Control Engineering (4 Years, Bachelor of Technology) PUNJAB",50,0,50
"Dr. B R Ambedkar National Institute of Technology, Jalandhar","Instrumentation and Control Engineering (4 Years, Bachelor of Technology) Other than PUNJAB",50,0,50
"Dr. B R Ambedkar National Institute of Technology, Jalandhar","Industrial and Production Engineering (4 Years, Bachelor of Technology) PUNJAB",38,0,38
"Dr. B R Ambedkar National Institute of Technology, Jalandhar","Industrial and Production Engineering (4 Years, Bachelor of Technology) Other than PUNJAB",37,0,37
"Dr. B R Ambedkar National Institute of Technology, Jalandhar","Data Science and Engineering (4 Years, Bachelor of Technology) PUNJAB",20,0,20
"Dr. B R Ambedkar National Institute of Technology, Jalandhar","Data Science and Engineering (4 Years, Bachelor of Technology) Other than PUNJAB",20,0,20
"Malaviya National Institute of Technology Jaipur","Chemical Engineering (4 Years, Bachelor of Technology) RAJASTHAN",58,0,58
"Malaviya National Institute of Technology Jaipur","Chemical Engineering (4 Years, Bachelor of Technology) Other than RAJASTHAN",57,0,57
"Malaviya National Institute of Technology Jaipur","Civil Engineering (4 Years, Bachelor of Technology) RAJASTHAN",57,0,57
"Malaviya National Institute of Technology Jaipur","Civil Engineering (4 Years, Bachelor of Technology) Other than RAJASTHAN",58,0,58
"Malaviya National Institute of Technology Jaipur","Computer Science and Engineering (4 Years, Bachelor of Technology) RAJASTHAN",58,0,58
"Malaviya National Institute of Technology Jaipur","Computer Science and Engineering (4 Years, Bachelor of Technology) Other than RAJASTHAN",59,0,59
"Malaviya National Institute of Technology Jaipur","Electrical Engineering (4 Years, Bachelor of Technology) RAJASTHAN",58,0,58
"Malaviya National Institute of Technology Jaipur","Electrical Engineering (4 Years, Bachelor of Technology) Other than RAJASTHAN",59,0,59
"Malaviya National Institute of Technology Jaipur","Electronics and Communication Engineering (4 Years, Bachelor of Technology) RAJASTHAN",59,0,59
"Malaviya National Institute of Technology Jaipur","Electronics and Communication Engineering (4 Years, Bachelor of Technology) Other than RAJASTHAN",58,0,58
"Malaviya National Institute of Technology Jaipur","Artificial Intelligence and Data Engineering (4 Years, Bachelor of Technology) RAJASTHAN",20,0,20
"Malaviya National Institute of Technology Jaipur","Artificial Intelligence and Data Engineering (4 Years, Bachelor of Technology) Other than RAJASTHAN",20,0,20
"Malaviya National Institute of Technology Jaipur","Mechanical Engineering (4 Years, Bachelor of Technology) RAJASTHAN",59,0,59
"Malaviya National Institute of Technology Jaipur","Mechanical Engineering (4 Years, Bachelor of Technology) Other than RAJASTHAN",57,0,57
"Malaviya National Institute of Technology Jaipur","Metallurgical and Materials Engineering (4 Years, Bachelor of Technology) RAJASTHAN",37,0,37
"Malaviya National Institute of Technology Jaipur","Metallurgical and Materials Engineering (4 Years, Bachelor of Technology) Other than RAJASTHAN",37,0,37
"Malaviya National Institute of Technology Jaipur","Architecture (5 Years, Bachelor of Architecture) RAJASTHAN",38,0,38
"Malaviya National Institute of Technology Jaipur","Architecture (5 Years, Bachelor of Architecture) Other than RAJASTHAN",39,0,39
"Maulana Azad National Institute of Technology Bhopal","Chemical Engineering (4 Years, Bachelor of Technology) MADHYA PRADESH",31,8,39
"Maulana Azad National Institute of Technology Bhopal","Chemical Engineering (4 Years, Bachelor of Technology) Other than MADHYA PRADESH",31,8,39
"Maulana Azad National Institute of Technology Bhopal","Civil Engineering (4 Years, Bachelor of Technology) MADHYA PRADESH",45,12,57
"Maulana Azad National Institute of Technology Bhopal","Civil Engineering (4 Years, Bachelor of Technology) Other than MADHYA PRADESH",45,11,56
"Maulana Azad National Institute of Technology Bhopal","Computer Science and Engineering (4 Years, Bachelor of Technology) MADHYA PRADESH",91,23,114
"Maulana Azad National Institute of Technology Bhopal","Computer Science and Engineering (4 Years, Bachelor of Technology) Other than MADHYA PRADESH",92,23,115
"Maulana Azad National Institute of Technology Bhopal","Electrical Engineering (4 Years, Bachelor of Technology) MADHYA PRADESH",55,13,68
"Maulana Azad National Institute of Technology Bhopal","Electrical Engineering (4 Years, Bachelor of Technology) Other than MADHYA PRADESH",54,14,68
"Maulana Azad National Institute of Technology Bhopal","Electronics and Communication Engineering (4 Years, Bachelor of Technology) MADHYA PRADESH",69,18,87
"Maulana Azad National Institute of Technology Bhopal","Electronics and Communication Engineering (4 Years, Bachelor of Technology) Other than MADHYA PRADESH",69,17,86
"Maulana Azad National Institute of Technology Bhopal","Mechanical Engineering (4 Years, Bachelor of Technology) MADHYA PRADESH",86,21,107
"Maulana Azad National Institute of Technology Bhopal","Mechanical Engineering (4 Years, Bachelor of Technology) Other than MADHYA PRADESH",86,21,107
"Maulana Azad National Institute of Technology Bhopal","Materials Science and Metallurgical Engineering (4 Years, Bachelor of Technology) MADHYA PRADESH",31,8,39
"Maulana Azad National Institute of Technology Bhopal","Materials Science and Metallurgical Engineering (4 Years, Bachelor of Technology) Other than MADHYA PRADESH",31,8,39
"Maulana Azad National Institute of Technology Bhopal","Planning (4 Years, Bachelor of Planning) MADHYA PRADESH",21,5,26
"Maulana Azad National Institute of Technology Bhopal","Planning (4 Years, Bachelor of Planning) Other than MADHYA PRADESH",21,5,26
"Maulana Azad National Institute of Technology Bhopal","Architecture (5 Years, Bachelor of Architecture) MADHYA PRADESH",40,10,50
"Maulana Azad National Institute of Technology Bhopal","Architecture (5 Years, Bachelor of Architecture) Other than MADHYA PRADESH",40,10,50
"Maulana Azad National Institute of Technology Bhopal","Mathematics and Data Science (5 Years, Bachelor and Master of Technology (Dual Degree)) MADHYA PRADESH",12,3,15
"Maulana Azad National Institute of Technology Bhopal","Mathematics and Data Science (5 Years, Bachelor and Master of Technology (Dual Degree)) Other than MADHYA PRADESH",12,3,15
"Motilal Nehru National Institute of Technology Allahabad","Bio Technology (4 Years, Bachelor of Technology) UTTAR PRADESH",28,2,30
"Motilal Nehru National Institute of Technology Allahabad","Bio Technology (4 Years, Bachelor of Technology) Other than UTTAR PRADESH",29,1,30
"Motilal Nehru National Institute of Technology Allahabad","Chemical Engineering (4 Years, Bachelor of Technology) UTTAR PRADESH",29,1,30
"Motilal Nehru National Institute of Technology Allahabad","Chemical Engineering (4 Years, Bachelor of Technology) Other than UTTAR PRADESH",28,2,30
"Motilal Nehru National Institute of Technology Allahabad","Civil Engineering (4 Years, Bachelor of Technology) UTTAR PRADESH",57,3,60
"Motilal Nehru National Institute of Technology Allahabad","Civil Engineering (4 Years, Bachelor of Technology) Other than UTTAR PRADESH",58,3,61
"Motilal Nehru National Institute of Technology Allahabad","Computer Science and Engineering (4 Years, Bachelor of Technology) UTTAR PRADESH",154,9,163
"Motilal Nehru National Institute of Technology Allahabad","Computer Science and Engineering (4 Years, Bachelor of Technology) Other than UTTAR PRADESH",154,8,162
"Motilal Nehru National Institute of Technology Allahabad","Electrical Engineering (4 Years, Bachelor of Technology) UTTAR PRADESH",48,3,51
"Motilal Nehru National Institute of Technology Allahabad","Electrical Engineering (4 Years, Bachelor of Technology) Other than UTTAR PRADESH",49,3,52
"Motilal Nehru National Institute of Technology Allahabad","Electronics and Communication Engineering (4 Years, Bachelor of Technology) UTTAR PRADESH",87,4,91
"Motilal Nehru National Institute of Technology Allahabad","Electronics and Communication Engineering (4 Years, Bachelor of Technology) Other than UTTAR PRADESH",86,5,91
"Motilal Nehru National Institute of Technology Allahabad","Mechanical Engineering (4 Years, Bachelor of Technology) UTTAR PRADESH",77,5,82
"Motilal Nehru National Institute of Technology Allahabad","Mechanical Engineering (4 Years, Bachelor of Technology) Other than UTTAR PRADESH",77,4,81
"Motilal Nehru National Institute of Technology Allahabad","Materials Engineering (4 Years, Bachelor of Technology) UTTAR PRADESH",15,0,15
"Motilal Nehru National Institute of Technology Allahabad","Materials Engineering (4 Years, Bachelor of Technology) Other than UTTAR PRADESH",15,0,15
"Motilal Nehru National Institute of Technology Allahabad","Production and Industrial Engineering (4 Years, Bachelor of Technology) UTTAR PRADESH",29,1,30
"Motilal Nehru National Institute of Technology Allahabad","Production and Industrial Engineering (4 Years, Bachelor of Technology) Other than UTTAR PRADESH",28,2,30
"Motilal Nehru National Institute of Technology Allahabad","Engineering and Computational Mechanics (4 Years, Bachelor of Technology) UTTAR PRADESH",15,0,15
"Motilal Nehru National Institute of Technology Allahabad","Engineering and Computational Mechanics (4 Years, Bachelor of Technology) Other than UTTAR PRADESH",15,0,15
"National Institute of Technology Agartala","Biotechnology and Biochemical Engineering (4 Years, Bachelor of Technology) TRIPURA",19,6,25
"National Institute of Technology Agartala","Biotechnology and Biochemical Engineering (4 Years, Bachelor of Technology) Other than TRIPURA",19,6,25
"National Institute of Technology Agartala","Chemical Engineering (4 Years, Bachelor of Technology) TRIPURA",29,8,37
"National Institute of Technology Agartala","Chemical Engineering (4 Years, Bachelor of Technology) Other than TRIPURA",30,8,38
"National Institute of Technology Agartala","Civil Engineering (4 Years, Bachelor of Technology) TRIPURA",46,13,59
"National Institute of Technology Agartala","Civil Engineering (4 Years, Bachelor of Technology) Other than TRIPURA",46,13,59
"National Institute of Technology Agartala","Computer Science and Engineering (4 Years, Bachelor of Technology) TRIPURA",59,16,75
"National Institute of Technology Agartala","Computer Science and Engineering (4 Years, Bachelor of Technology) Other than TRIPURA",58,17,75
"National Institute of Technology Agartala","Electrical Engineering (4 Years, Bachelor of Technology) TRIPURA",48,14,62
"National Institute of Technology Agartala","Electrical Engineering (4 Years, Bachelor of Technology) Other than TRIPURA",50,13,63
"National Institute of Technology Agartala","Electronics and Communication Engineering (4 Years, Bachelor of Technology) TRIPURA",49,15,64
"National Institute of Technology Agartala","Electronics and Communication Engineering (4 Years, Bachelor of Technology) Other than TRIPURA",51,13,64
"National Institute of Technology Agartala","Mechanical Engineering (4 Years, Bachelor of Technology) TRIPURA",48,14,62
"National Institute of Technology Agartala","Mechanical Engineering (4 Years, Bachelor of Technology) Other than TRIPURA",50,13,63
"National Institute of Technology Agartala","Electronics and Instrumentation Engineering (4 Years, Bachelor of Technology) TRIPURA",29,8,37
"National Institute of Technology Agartala","Electronics and Instrumentation Engineering (4 Years, Bachelor of Technology) Other than TRIPURA",30,8,38
"National Institute of Technology Agartala","Production Engineering (4 Years, Bachelor of Technology) TRIPURA",44,12,56
"National Institute of Technology Agartala","Production Engineering (4 Years, Bachelor of Technology) Other than TRIPURA",45,12,57
"National Institute of Technology Agartala","Computational Mathematics (5 Years, Bachelor of Technology) TRIPURA",12,0,12
"National Institute of Technology Agartala","Computational Mathematics (5 Years, Bachelor and Master of Technology (Dual Degree)) Other than TRIPURA",13,0,13
"National Institute of Technology Agartala","Engineering Physics (5 Years, Bachelor and Master of Technology (Dual Degree)) TRIPURA",12,0,12
"National Institute of Technology Agartala","Engineering Physics (5 Years, Bachelor and Master of Technology (Dual Degree)) Other than TRIPURA",13,0,13
"National Institute of Technology Agartala","Physics (5 Years, Bachelor of Science and Master of Science (Dual Degree)) TRIPURA",12,0,12
"National Institute of Technology Agartala","Physics (5 Years, Bachelor of Science and Master of Science (Dual Degree)) Other than TRIPURA",13,0,13
"National Institute of Technology Agartala","Chemistry (5 Years, Bachelor of Science and Master of Science (Dual Degree)) TRIPURA",12,0,12
"National Institute of Technology Agartala","Chemistry (5 Years, Bachelor of Science and Master of Science (Dual Degree)) Other than TRIPURA",13,0,13
"National Institute of Technology Agartala","Mathematics & Computing (5 Years, Bachelor of Science and Master of Science (Dual Degree)) TRIPURA",12,0,12
"National Institute of Technology Agartala","Mathematics & Computing (5 Years, Bachelor of Science and Master of Science (Dual Degree)) Other than TRIPURA",13,0,13
"National Institute of Technology Calicut","Bio Technology (4 Years, Bachelor of Technology) KERALA",18,0,18
"National Institute of Technology Calicut","Bio Technology (4 Years, Bachelor of Technology) Other than KERALA",19,0,19
"National Institute of Technology Calicut","Chemical Engineering (4 Years, Bachelor of Technology) KERALA",58,0,58
"National Institute of Technology Calicut","Chemical Engineering (4 Years, Bachelor of Technology) Other than KERALA",58,0,58
"National Institute of Technology Calicut","Civil Engineering (4 Years, Bachelor of Technology) KERALA",86,0,86
"National Institute of Technology Calicut","Civil Engineering (4 Years, Bachelor of Technology) Other than KERALA",86,0,86
"National Institute of Technology Calicut","Computer Science and Engineering (4 Years, Bachelor of Technology) KERALA",86,4,90
"National Institute of Technology Calicut","Computer Science and Engineering (4 Years, Bachelor of Technology) Other than KERALA",86,3,89
"National Institute of Technology Calicut","Electronics and Communication Engineering (4 Years, Bachelor of Technology) KERALA",86,1,87
"National Institute of Technology Calicut","Electronics and Communication Engineering (4 Years, Bachelor of Technology) Other than KERALA",86,0,86
"National Institute of Technology Calicut","Engineering Physics (4 Years, Bachelor of Technology) KERALA",18,0,18
"National Institute of Technology Calicut","Engineering Physics (4 Years, Bachelor of Technology) Other than KERALA",19,0,19
"National Institute of Technology Calicut","Materials Science and Engineering (4 Years, Bachelor of Technology) KERALA",15,0,15
"National Institute of Technology Calicut","Materials Science and Engineering (4 Years, Bachelor of Technology) Other than KERALA",15,0,15
"National Institute of Technology Calicut","Mechanical Engineering (4 Years, Bachelor of Technology) KERALA",85,18,103
"National Institute of Technology Calicut","Mechanical Engineering (4 Years, Bachelor of Technology) Other than KERALA",85,18,103
"National Institute of Technology Calicut","Electrical and Electronics Engineering (4 Years, Bachelor of Technology) KERALA",86,0,86
"National Institute of Technology Calicut","Electrical and Electronics Engineering (4 Years, Bachelor of Technology) Other than KERALA",86,0,86
"National Institute of Technology Calicut","Production Engineering (4 Years, Bachelor of Technology) KERALA",30,0,30
"National Institute of Technology Calicut","Production Engineering (4 Years, Bachelor of Technology) Other than KERALA",29,0,29
"National Institute of Technology Calicut","Architecture (5 Years, Bachelor of Architecture) KERALA",29,0,29
"National Institute of Technology Calicut","Architecture (5 Years, Bachelor of Architecture) Other than KERALA",30,0,30
"National Institute of Technology Delhi","Aerospace Engineering (4 Years, Bachelor of Technology) DELHI (NCT) CHANDIGARH (UT)",12,0,12
"National Institute of Technology Delhi","Aerospace Engineering (4 Years, Bachelor of Technology) Other than DELHI (NCT) CHANDIGARH (UT)",12,0,12
"National Institute of Technology Delhi","Civil Engineering (4 Years, Bachelor of Technology) DELHI (NCT) CHANDIGARH (UT)",13,0,13
"National Institute of Technology Delhi","Civil Engineering (4 Years, Bachelor of Technology) Other than DELHI (NCT) CHANDIGARH (UT)",12,0,12
"National Institute of Technology Delhi","Computer Science and Engineering (4 Years, Bachelor of Technology) DELHI (NCT) CHANDIGARH (UT)",60,0,60
"National Institute of Technology Delhi","Computer Science and Engineering (4 Years, Bachelor of Technology) Other than DELHI (NCT) CHANDIGARH (UT)",60,0,60
"National Institute of Technology Delhi","Electrical Engineering (4 Years, Bachelor of Technology) DELHI (NCT) CHANDIGARH (UT)",30,0,30
"National Institute of Technology Delhi","Electrical Engineering (4 Years, Bachelor of Technology) Other than DELHI (NCT) CHANDIGARH (UT)",30,0,30
"National Institute of Technology Delhi","Electronics and Communication Engineering (4 Years, Bachelor of Technology) DELHI (NCT) CHANDIGARH (UT)",30,0,30
"National Institute of Technology Delhi","Electronics and Communication Engineering (4 Years, Bachelor of Technology) Other than DELHI (NCT) CHANDIGARH (UT)",30,0,30
"National Institute of Technology Delhi","VLSI Design and Technology (4 Years, Bachelor of Technology) DELHI (NCT) CHANDIGARH (UT)",13,0,13
"National Institute of Technology Delhi","VLSI Design and Technology (4 Years, Bachelor of Technology) Other than DELHI (NCT) CHANDIGARH (UT)",12,0,12
"National Institute of Technology Delhi","Mechanical Engineering (4 Years, Bachelor of Technology) DELHI (NCT) CHANDIGARH (UT)",20,0,20
"National Institute of Technology Delhi","Mechanical Engineering (4 Years, Bachelor of Technology) Other than DELHI (NCT) CHANDIGARH (UT)",20,0,20
"National Institute of Technology Delhi","Artificial Intelligence and Data Science (4 Years, Bachelor of Technology) DELHI (NCT) CHANDIGARH (UT)",10,0,10
"National Institute of Technology Delhi","Artificial Intelligence and Data Science (4 Years, Bachelor of Technology) Other than DELHI (NCT) CHANDIGARH (UT)",10,0,10
"National Institute of Technology Durgapur","Bio Technology (4 Years, Bachelor of Technology) WEST BENGAL",38,0,38
"National Institute of Technology Durgapur","Bio Technology (4 Years, Bachelor of Technology) Other than WEST BENGAL",37,0,37
"National Institute of Technology Durgapur","Chemical Engineering (4 Years, Bachelor of Technology) WEST BENGAL",37,0,37
"National Institute of Technology Durgapur","Chemical Engineering (4 Years, Bachelor of Technology) Other than WEST BENGAL",38,0,38
"National Institute of Technology Durgapur","Civil Engineering (4 Years, Bachelor of Technology) WEST BENGAL",40,0,40
"National Institute of Technology Durgapur","Civil Engineering (4 Years, Bachelor of Technology) Other than WEST BENGAL",40,0,40
"National Institute of Technology Durgapur","Computer Science and Engineering (4 Years, Bachelor of Technology) WEST BENGAL",94,0,94
"National Institute of Technology Durgapur","Computer Science and Engineering (4 Years, Bachelor of Technology) Other than WEST BENGAL",93,0,93
"National Institute of Technology Durgapur","Electrical Engineering (4 Years, Bachelor of Technology) WEST BENGAL",50,0,50
"National Institute of Technology Durgapur","Electrical Engineering (4 Years, Bachelor of Technology) Other than WEST BENGAL",50,0,50
"National Institute of Technology Durgapur","Electronics and Communication Engineering (4 Years, Bachelor of Technology) WEST BENGAL",49,0,49
"National Institute of Technology Durgapur","Electronics and Communication Engineering (4 Years, Bachelor of Technology) Other than WEST BENGAL",48,0,48
"National Institute of Technology Durgapur","B.Tech in Mathematics and Computing (4 Years, Bachelor of Technology) WEST BENGAL",30,0,30
"National Institute of Technology Durgapur","B.Tech in Mathematics and Computing (4 Years, Bachelor of Technology) Other than WEST BENGAL",30,0,30
"National Institute of Technology Durgapur","Mechanical Engineering (4 Years, Bachelor of Technology) WEST BENGAL",94,0,94
"National Institute of Technology Durgapur","Mechanical Engineering (4 Years, Bachelor of Technology) Other than WEST BENGAL",93,0,93
"National Institute of Technology Durgapur","Metallurgical and Materials Engineering (4 Years, Bachelor of Technology) WEST BENGAL",37,0,37
"National Institute of Technology Durgapur","Metallurgical and Materials Engineering (4 Years, Bachelor of Technology) Other than WEST BENGAL",38,0,38
"National Institute of Technology Durgapur","Chemical Engineering (5 Years, Bachelor and Master of Technology (Dual Degree)) WEST BENGAL",4,0,4
"National Institute of Technology Durgapur","Chemical Engineering (5 Years, Bachelor and Master of Technology (Dual Degree)) Other than WEST BENGAL",3,0,3
"National Institute of Technology Durgapur","Biotechnology (5 Years, Bachelor and Master of Technology (Dual Degree)) WEST BENGAL",4,0,4
"National Institute of Technology Durgapur","Biotechnology (5 Years, Bachelor and Master of Technology (Dual Degree)) Other than WEST BENGAL",3,0,3
"National Institute of Technology Durgapur","Chemistry (5 Years, Integrated Master of Science) WEST BENGAL",9,0,9
"National Institute of Technology Durgapur","Chemistry (5 Years, Integrated Master of Science) Other than WEST BENGAL",10,0,10
"National Institute of Technology Goa","Civil Engineering (4 Years, Bachelor of Technology) GOA",14,0,14
"National Institute of Technology Goa","Civil Engineering (4 Years, Bachelor of Technology) DAMAN & DIU (UT) DADRA & NAGAR HAVELI (UT) LAKSHADWEEP (UT)",4,0,4
"National Institute of Technology Goa","Civil Engineering (4 Years, Bachelor of Technology) Other than GOA DAMAN & DIU (UT) DADRA & NAGAR HAVELI (UT) LAKSHADWEEP (UT)",19,0,19
"National Institute of Technology Goa","Computer Science and Engineering (4 Years, Bachelor of Technology) GOA",20,0,20
"National Institute of Technology Goa","Computer Science and Engineering (4 Years, Bachelor of Technology) DAMAN & DIU (UT) DADRA & NAGAR HAVELI (UT) LAKSHADWEEP (UT)",5,0,5
"National Institute of Technology Goa","Computer Science and Engineering (4 Years, Bachelor of Technology) Other than GOA DAMAN & DIU (UT) DADRA & NAGAR HAVELI (UT) LAKSHADWEEP (UT)",25,0,25
"National Institute of Technology Goa","Electronics and Communication Engineering (4 Years, Bachelor of Technology) GOA",20,0,20
"National Institute of Technology Goa","Electronics and Communication Engineering (4 Years, Bachelor of Technology) DAMAN & DIU (UT) DADRA & NAGAR HAVELI (UT) LAKSHADWEEP (UT)",5,0,5
"National Institute of Technology Goa","Electronics and Communication Engineering (4 Years, Bachelor of Technology) Other than GOA DAMAN & DIU (UT) DADRA & NAGAR HAVELI (UT) LAKSHADWEEP (UT)",25,0,25
"National Institute of Technology Goa","Mechanical Engineering (4 Years, Bachelor of Technology) GOA",15,0,15
"National Institute of Technology Goa","Mechanical Engineering (4 Years, Bachelor of Technology) DAMAN & DIU (UT) DADRA & NAGAR HAVELI (UT) LAKSHADWEEP (UT)",4,0,4
"National Institute of Technology Goa","Mechanical Engineering (4 Years, Bachelor of Technology) Other than GOA DAMAN & DIU (UT) DADRA & NAGAR HAVELI (UT) LAKSHADWEEP (UT)",18,0,18
"National Institute of Technology Goa","Electrical and Electronics Engineering (4 Years, Bachelor of Technology) GOA",20,0,20
"National Institute of Technology Goa","Electrical and Electronics Engineering (4 Years, Bachelor of Technology) DAMAN & DIU (UT) DADRA & NAGAR HAVELI (UT) LAKSHADWEEP (UT)",5,0,5
"National Institute of Technology Goa","Electrical and Electronics Engineering (4 Years, Bachelor of Technology) Other than GOA DAMAN & DIU (UT) DADRA & NAGAR HAVELI (UT) LAKSHADWEEP (UT)",25,0,25
"National Institute of Technology Hamirpur","Chemical Engineering (4 Years, Bachelor of Technology) HIMACHAL PRADESH",38,0,38
"National Institute of Technology Hamirpur","Chemical Engineering (4 Years, Bachelor of Technology) Other than HIMACHAL PRADESH",38,0,38
"National Institute of Technology Hamirpur","Civil Engineering (4 Years, Bachelor of Technology) HIMACHAL PRADESH",62,0,62
"National Institute of Technology Hamirpur","Civil Engineering (4 Years, Bachelor of Technology) Other than HIMACHAL PRADESH",61,0,61
"National Institute of Technology Hamirpur","Computer Science and Engineering (4 Years, Bachelor of Technology) HIMACHAL PRADESH",62,0,62
"National Institute of Technology Hamirpur","Computer Science and Engineering (4 Years, Bachelor of Technology) Other than HIMACHAL PRADESH",62,0,62
"National Institute of Technology Hamirpur","Electrical Engineering (4 Years, Bachelor of Technology) HIMACHAL PRADESH",62,0,62
"National Institute of Technology Hamirpur","Electrical Engineering (4 Years, Bachelor of Technology) Other than HIMACHAL PRADESH",63,0,63
"National Institute of Technology Hamirpur","Electronics and Communication Engineering (4 Years, Bachelor of Technology) HIMACHAL PRADESH",59,0,59
"National Institute of Technology Hamirpur","Electronics and Communication Engineering (4 Years, Bachelor of Technology) Other than HIMACHAL PRADESH",58,0,58
"National Institute of Technology Hamirpur","Engineering Physics (4 Years, Bachelor of Technology) HIMACHAL PRADESH",25,0,25
"National Institute of Technology Hamirpur","Engineering Physics (4 Years, Bachelor of Technology) Other than HIMACHAL PRADESH",25,0,25
"National Institute of Technology Hamirpur","Materials Science and Engineering (4 Years, Bachelor of Technology) HIMACHAL PRADESH",20,0,20
"National Institute of Technology Hamirpur","Materials Science and Engineering (4 Years, Bachelor of Technology) Other than HIMACHAL PRADESH",20,0,20
"National Institute of Technology Hamirpur","Mathematics and Computing (4 Years, Bachelor of Technology) HIMACHAL PRADESH",25,0,25
"National Institute of Technology Hamirpur","Mathematics and Computing (4 Years, Bachelor of Technology) Other than HIMACHAL PRADESH",25,0,25
"National Institute of Technology Hamirpur","Mechanical Engineering (4 Years, Bachelor of Technology) HIMACHAL PRADESH",62,0,62
"National Institute of Technology Hamirpur","Mechanical Engineering (4 Years, Bachelor of Technology) Other than HIMACHAL PRADESH",63,0,63
"National Institute of Technology Hamirpur","Architecture (5 Years, Bachelor of Architecture) HIMACHAL PRADESH",29,0,29
"National Institute of Technology Hamirpur","Architecture (5 Years, Bachelor of Architecture) Other than HIMACHAL PRADESH",29,0,29
"National Institute of Technology Hamirpur","Computer Science and Engineering (5 Years, Bachelor and Master of Technology (Dual Degree)) HIMACHAL PRADESH",14,0,14
"National Institute of Technology Hamirpur","Computer Science and Engineering (5 Years, Bachelor and Master of Technology (Dual Degree)) Other than HIMACHAL PRADESH",14,0,14
"National Institute of Technology Hamirpur","Electronics and Communication Engineering (5 Years, Bachelor and Master of Technology (Dual Degree)) HIMACHAL PRADESH",14,0,14
"National Institute of Technology Hamirpur","Electronics and Communication Engineering (5 Years, Bachelor and Master of Technology (Dual Degree)) Other than HIMACHAL PRADESH",14,0,14
"National Institute of Technology Karnataka, Surathkal","Chemical Engineering (4 Years, Bachelor of Technology) KARNATAKA",29,0,29
"National Institute of Technology Karnataka, Surathkal","Chemical Engineering (4 Years, Bachelor of Technology) Other than KARNATAKA",29,0,29
"National Institute of Technology Karnataka, Surathkal","Civil Engineering (4 Years, Bachelor of Technology) KARNATAKA",58,0,58
"National Institute of Technology Karnataka, Surathkal","Civil Engineering (4 Years, Bachelor of Technology) Other than KARNATAKA",57,0,57
"National Institute of Technology Karnataka, Surathkal","Computational and Data Science (4 Years, Bachelor of Technology) KARNATAKA",15,0,15
"National Institute of Technology Karnataka, Surathkal","Computational and Data Science (4 Years, Bachelor of Technology) Other than KARNATAKA",15,0,15
"National Institute of Technology Karnataka, Surathkal","Computer Science and Engineering (4 Years, Bachelor of Technology) KARNATAKA",57,0,57
"National Institute of Technology Karnataka, Surathkal","Computer Science and Engineering (4 Years, Bachelor of Technology) Other than KARNATAKA",58,0,58
"National Institute of Technology Karnataka, Surathkal","Electronics and Communication Engineering (4 Years, Bachelor of Technology) KARNATAKA",58,0,58
"National Institute of Technology Karnataka, Surathkal","Electronics and Communication Engineering (4 Years, Bachelor of Technology) Other than KARNATAKA",58,0,58
"National Institute of Technology Karnataka, Surathkal","Mechanical Engineering (4 Years, Bachelor of Technology) KARNATAKA",87,0,87
"National Institute of Technology Karnataka, Surathkal","Mechanical Engineering (4 Years, Bachelor of Technology) Other than KARNATAKA",87,0,87
"National Institute of Technology Karnataka, Surathkal","Metallurgical and Materials Engineering (4 Years, Bachelor of Technology) KARNATAKA",29,1,30
"National Institute of Technology Karnataka, Surathkal","Metallurgical and Materials Engineering (4 Years, Bachelor of Technology) Other than KARNATAKA",29,0,29
"National Institute of Technology Karnataka, Surathkal","Mining Engineering (4 Years, Bachelor of Technology) KARNATAKA",29,0,29
"National Institute of Technology Karnataka, Surathkal","Mining Engineering (4 Years, Bachelor of Technology) Other than KARNATAKA",29,1,30
"National Institute of Technology Karnataka, Surathkal","Electrical and Electronics Engineering (4 Years, Bachelor of Technology) KARNATAKA",58,0,58
"National Institute of Technology Karnataka, Surathkal","Electrical and Electronics Engineering (4 Years, Bachelor of Technology) Other than KARNATAKA",58,0,58
"National Institute of Technology Karnataka, Surathkal","Information Technology (4 Years, Bachelor of Technology) KARNATAKA",38,0,38
"National Institute of Technology Karnataka, Surathkal","Information Technology (4 Years, Bachelor of Technology) Other than KARNATAKA",38,0,38
"National Institute of Technology Karnataka, Surathkal","Artificial Intelligence (4 Years, Bachelor of Technology) KARNATAKA",20,0,20
"National Institute of Technology Karnataka, Surathkal","Artificial Intelligence (4 Years, Bachelor of Technology) Other than KARNATAKA",20,0,20
"National Institute of Technology Meghalaya","Civil Engineering (4 Years, Bachelor of Technology) MEGHALAYA",17,0,17
"National Institute of Technology Meghalaya","Civil Engineering (4 Years, Bachelor of Technology) Other than MEGHALAYA",16,0,16
"National Institute of Technology Meghalaya","Computer Science and Engineering (4 Years, Bachelor of Technology) MEGHALAYA",16,0,16
"National Institute of Technology Meghalaya","Computer Science and Engineering (4 Years, Bachelor of Technology) Other than MEGHALAYA",17,0,17
"National Institute of Technology Meghalaya","Electronics and Communication Engineering (4 Years, Bachelor of Technology) MEGHALAYA",16,0,16
"National Institute of Technology Meghalaya","Electronics and Communication Engineering (4 Years, Bachelor of Technology) Other than MEGHALAYA",17,0,17
"National Institute of Technology Meghalaya","Mechanical Engineering (4 Years, Bachelor of Technology) MEGHALAYA",17,0,17
"National Institute of Technology Meghalaya","Mechanical Engineering (4 Years, Bachelor of Technology) Other than MEGHALAYA",16,0,16
"National Institute of Technology Meghalaya","Electrical and Electronics Engineering (4 Years, Bachelor of Technology) MEGHALAYA",16,0,16
"National Institute of Technology Meghalaya","Electrical and Electronics Engineering (4 Years, Bachelor of Technology) Other than MEGHALAYA",17,0,17
"National Institute of Technology Nagaland","Civil Engineering (4 Years, Bachelor of Technology) NAGALAND",15,0,15
"National Institute of Technology Nagaland","Civil Engineering (4 Years, Bachelor of Technology) Other than NAGALAND",18,0,18
"National Institute of Technology Nagaland","Computer Science and Engineering (4 Years, Bachelor of Technology) NAGALAND",15,0,15
"National Institute of Technology Nagaland","Computer Science and Engineering (4 Years, Bachelor of Technology) Other than NAGALAND",18,0,18
"National Institute of Technology Nagaland","Electronics and Communication Engineering (4 Years, Bachelor of Technology) NAGALAND",15,0,15
"National Institute of Technology Nagaland","Electronics and Communication Engineering (4 Years, Bachelor of Technology) Other than NAGALAND",18,1,19
"National Institute of Technology Nagaland","Mechanical Engineering (4 Years, Bachelor of Technology) NAGALAND",15,0,15
"National Institute of Technology Nagaland","Mechanical Engineering (4 Years, Bachelor of Technology) Other than NAGALAND",18,1,19
"National Institute of Technology Nagaland","Electronics and Instrumentation Engineering (4 Years, Bachelor of Technology) NAGALAND",15,0,15
"National Institute of Technology Nagaland","Electronics and Instrumentation Engineering (4 Years, Bachelor of Technology) Other than NAGALAND",18,0,18
"National Institute of Technology Nagaland","Electrical and Electronics Engineering (4 Years, Bachelor of Technology) NAGALAND",15,0,15
"National Institute of Technology Nagaland","Electrical and Electronics Engineering (4 Years, Bachelor of Technology) Other than NAGALAND",18,0,18
"National Institute of Technology Patna","Civil Engineering (4 Years, Bachelor of Technology) BIHAR",60,0,60
"National Institute of Technology Patna","Civil Engineering (4 Years, Bachelor of Technology) Other than BIHAR",60,0,60
"National Institute of Technology Patna","Computer Science and Engineering (4 Years, Bachelor of Technology) BIHAR",100,0,100
"National Institute of Technology Patna","Computer Science and Engineering (4 Years, Bachelor of Technology) Other than BIHAR",99,0,99
"National Institute of Technology Patna","Electrical Engineering (4 Years, Bachelor of Technology) BIHAR",60,0,60
"National Institute of Technology Patna","Electrical Engineering (4 Years, Bachelor of Technology) Other than BIHAR",60,0,60
"National Institute of Technology Patna","Electronics and Communication Engineering (4 Years, Bachelor of Technology) BIHAR",79,0,79
"National Institute of Technology Patna","Electronics and Communication Engineering (4 Years, Bachelor of Technology) Other than BIHAR",79,0,79
"National Institute of Technology Patna","Mechatronics and Automation Engineering (4 Years, Bachelor of Technology) BIHAR",13,0,13
"National Institute of Technology Patna","Mechatronics and Automation Engineering (4 Years, Bachelor of Technology) Other than BIHAR",13,0,13
"National Institute of Technology Patna","Mechanical Engineering (4 Years, Bachelor of Technology) BIHAR",60,0,60
"National Institute of Technology Patna","Mechanical Engineering (4 Years, Bachelor of Technology) Other than BIHAR",60,0,60
"National Institute of Technology Patna","Architecture (5 Years, Bachelor of Architecture) BIHAR",23,0,23
"National Institute of Technology Patna","Architecture (5 Years, Bachelor of Architecture) Other than BIHAR",22,0,22
"National Institute of Technology Patna","Computer Science and Engineering with Specialization in Data Science (5 Years, Bachelor and Master of Technology (Dual Degree)) BIHAR",12,0,12
"National Institute of Technology Patna","Computer Science and Engineering with Specialization in Data Science (5 Years, Bachelor and Master of Technology (Dual Degree)) Other than BIHAR",11,0,11
"National Institute of Technology Patna","Computer Science and Engineering with Specialization in Cyber Security (5 Years, Bachelor and Master of Technology (Dual Degree)) BIHAR",11,0,11
"National Institute of Technology Patna","Computer Science and Engineering with Specialization in Cyber Security (5 Years, Bachelor and Master of Technology (Dual Degree)) Other than BIHAR",11,0,11
"National Institute of Technology Patna","Electronics and Communication Engineering with Specialization in Microelectronics and VLSI System Design (5 Years, Bachelor and Master of Technology (Dual Degree)) BIHAR",11,0,11
"National Institute of Technology Patna","Electronics and Communication Engineering with Specialization in Microelectronics and VLSI System Design (5 Years, Bachelor and Master of Technology (Dual Degree)) Other than BIHAR",11,0,11
"National Institute of Technology Patna","Electrical Engineering with Specialization in Power System Engineering (5 Years, Bachelor and Master of Technology (Dual Degree)) BIHAR",12,0,12
"National Institute of Technology Patna","Electrical Engineering with Specialization in Power System Engineering (5 Years, Bachelor and Master of Technology (Dual Degree)) Other than BIHAR",11,0,11
"National Institute of Technology Patna","Mechanical Engineering with specialization in Manufacturing and Industrial Engineering (5 Years, Bachelor and Master of Technology (Dual Degree)) BIHAR",12,0,12
"National Institute of Technology Patna","Mechanical Engineering with specialization in Manufacturing and Industrial Engineering (5 Years, Bachelor and Master of Technology (Dual Degree)) Other than BIHAR",11,0,11
"National Institute of Technology Patna","Civil Engineering with Specialization in Construction Technology and Management (5 Years, Bachelor and Master of Technology (Dual Degree)) BIHAR",5,0,5
"National Institute of Technology Patna","Civil Engineering with Specialization in Construction Technology and Management (5 Years, Bachelor and Master of Technology (Dual Degree)) Other than BIHAR",5,0,5
"National Institute of Technology Patna","Material Science and Engineering (5 Years, Bachelor and Master of Technology (Dual Degree)) BIHAR",5,0,5
"National Institute of Technology Patna","Material Science and Engineering (5 Years, Bachelor and Master of Technology (Dual Degree)) Other than BIHAR",5,0,5
"National Institute of Technology Patna","Mathematics and Computing Technology (5 Years, Bachelor and Master of Technology (Dual Degree)) BIHAR",5,0,5
"National Institute of Technology Patna","Mathematics and Computing Technology (5 Years, Bachelor and Master of Technology (Dual Degree)) Other than BIHAR",5,0,5
"National Institute of Technology Patna","Chemical Technology (5 Years, Bachelor and Master of Technology (Dual Degree)) BIHAR",5,0,5
"National Institute of Technology Patna","Chemical Technology (5 Years, Bachelor and Master of Technology (Dual Degree)) Other than BIHAR",5,0,5
"National Institute of Technology","Civil Engineering (4 Years, Bachelor of Technology) PUDUCHERRY (UT) ANDAMAN & NICOBAR ISLANDS (UT)",22,0,22
"National Institute of Technology Puducherry","Civil Engineering (4 Years, Bachelor of Technology) Other than PUDUCHERRY (UT) ANDAMAN & NICOBAR ISLANDS (UT)",23,0,23
"National Institute of Technology Puducherry","Computer Science and Engineering (4 Years, Bachelor of Technology) PUDUCHERRY (UT) ANDAMAN & NICOBAR ISLANDS (UT)",30,0,30
"National Institute of Technology Puducherry","Computer Science and Engineering (4 Years, Bachelor of Technology) Other than PUDUCHERRY (UT) ANDAMAN & NICOBAR ISLANDS (UT)",30,0,30
"National Institute of Technology Puducherry","Electronics and Communication Engineering (4 Years, Bachelor of Technology) PUDUCHERRY (UT) ANDAMAN & NICOBAR ISLANDS (UT)",30,0,30
"National Institute of Technology Puducherry","Electronics and Communication Engineering (4 Years, Bachelor of Technology) Other than PUDUCHERRY (UT) ANDAMAN & NICOBAR ISLANDS (UT)",30,0,30
"National Institute of Technology Puducherry","Mechanical Engineering (4 Years, Bachelor of Technology) PUDUCHERRY (UT) ANDAMAN & NICOBAR ISLANDS (UT)",25,0,25
"National Institute of Technology Puducherry","Mechanical Engineering (4 Years, Bachelor of Technology) Other than PUDUCHERRY (UT) ANDAMAN & NICOBAR ISLANDS (UT)",25,0,25
"National Institute of Technology Puducherry","Electrical and Electronics Engineering (4 Years, Bachelor of Technology) PUDUCHERRY (UT) ANDAMAN & NICOBAR ISLANDS (UT)",30,0,30
"National Institute of Technology Puducherry","Electrical and Electronics Engineering (4 Years, Bachelor of Technology) Other than PUDUCHERRY (UT) ANDAMAN & NICOBAR ISLANDS (UT)",30,0,30
"National Institute of Technology Raipur","Bio Technology (4 Years, Bachelor of Technology) CHHATTISGARH",40,0,40
"National Institute of Technology Raipur","Bio Technology (4 Years, Bachelor of Technology) Other than CHHATTISGARH",39,0,39
"National Institute of Technology Raipur","Chemical Engineering (4 Years, Bachelor of Technology) CHHATTISGARH",39,0,39
"National Institute of Technology Raipur","Chemical Engineering (4 Years, Bachelor of Technology) Other than CHHATTISGARH",40,0,40
"National Institute of Technology Raipur","Civil Engineering (4 Years, Bachelor of Technology) CHHATTISGARH",49,0,49
"National Institute of Technology Raipur","Civil Engineering (4 Years, Bachelor of Technology) Other than CHHATTISGARH",48,0,48
"National Institute of Technology Raipur","Computer Science and Engineering (4 Years, Bachelor of Technology) CHHATTISGARH",57,0,57
"National Institute of Technology Raipur","Computer Science and Engineering (4 Years, Bachelor of Technology) Other than CHHATTISGARH",57,0,57
"National Institute of Technology Raipur","Electrical Engineering (4 Years, Bachelor of Technology) CHHATTISGARH",57,0,57
"National Institute of Technology Raipur","Electrical Engineering (4 Years, Bachelor of Technology) Other than CHHATTISGARH",58,0,58
"National Institute of Technology Raipur","Electronics and Communication Engineering (4 Years, Bachelor of Technology) CHHATTISGARH",57,0,57
"National Institute of Technology Raipur","Electronics and Communication Engineering (4 Years, Bachelor of Technology) Other than CHHATTISGARH",57,0,57
"National Institute of Technology Raipur","Mechanical Engineering (4 Years, Bachelor of Technology) CHHATTISGARH",58,0,58
"National Institute of Technology Raipur","Mechanical Engineering (4 Years, Bachelor of Technology) Other than CHHATTISGARH",57,0,57
"National Institute of Technology Raipur","Metallurgical and Materials Engineering (4 Years, Bachelor of Technology) CHHATTISGARH",58,0,58
"National Institute of Technology Raipur","Metallurgical and Materials Engineering (4 Years, Bachelor of Technology) Other than CHHATTISGARH",57,0,57
"National Institute of Technology Raipur","Mining Engineering (4 Years, Bachelor of Technology) CHHATTISGARH",48,0,48
"National Institute of Technology Raipur","Mining Engineering (4 Years, Bachelor of Technology) Other than CHHATTISGARH",49,0,49
"National Institute of Technology Raipur","Information Technology (4 Years, Bachelor of Technology) CHHATTISGARH",57,0,57
"National Institute of Technology Raipur","Information Technology (4 Years, Bachelor of Technology) Other than CHHATTISGARH",57,0,57
"National Institute of Technology Raipur","Bio Medical Engineering (4 Years, Bachelor of Technology) CHHATTISGARH",39,1,40
"National Institute of Technology Raipur","Bio Medical Engineering (4 Years, Bachelor of Technology) Other than CHHATTISGARH",40,0,40
"National Institute of Technology Raipur","Architecture (5 Years, Bachelor of Architecture) CHHATTISGARH",20,0,20
"National Institute of Technology Raipur","Architecture (5 Years, Bachelor of Architecture) Other than CHHATTISGARH",20,0,20
"National Institute of Technology Sikkim","Civil Engineering (4 Years, Bachelor of Technology) SIKKIM",15,0,15
"National Institute of Technology Sikkim","Civil Engineering (4 Years, Bachelor of Technology) Other than SIKKIM",15,0,15
"National Institute of Technology Sikkim","Artificial Intelligence and Machine Learning (4 Years, Bachelor of Technology) SIKKIM",15,0,15
"National Institute of Technology Sikkim","Artificial Intelligence and Machine Learning (4 Years, Bachelor of Technology) Other than SIKKIM",15,0,15
"National Institute of Technology Sikkim","Computer Science and Engineering (4 Years, Bachelor of Technology) SIKKIM",20,0,20
"National Institute of Technology Sikkim","Computer Science and Engineering (4 Years, Bachelor of Technology) Other than SIKKIM",20,0,20
"National Institute of Technology Sikkim","Electronics and Communication Engineering (4 Years, Bachelor of Technology) SIKKIM",15,0,15
"National Institute of Technology Sikkim","Electronics and Communication Engineering (4 Years, Bachelor of Technology) Other than SIKKIM",15,0,15
"National Institute of Technology Sikkim","Mechanical Engineering (4 Years, Bachelor of Technology) SIKKIM",15,0,15
"National Institute of Technology Sikkim","Mechanical Engineering (4 Years, Bachelor of Technology) Other than SIKKIM",15,0,15
"National Institute of Technology Sikkim","Electrical and Electronics Engineering (4 Years, Bachelor of Technology) SIKKIM",15,0,15
"National Institute of Technology Sikkim","Electrical and Electronics Engineering (4 Years, Bachelor of Technology) Other than SIKKIM",15,0,15
"National Institute of Technology Arunachal Pradesh","Civil Engineering (4 Years, Bachelor of Technology) ARUNACHAL PRADESH",16,0,16
"National Institute of Technology Arunachal Pradesh","Civil Engineering (4 Years, Bachelor of Technology) Other than ARUNACHAL PRADESH",16,0,16
"National Institute of Technology Arunachal Pradesh","Computer Science and Engineering (4 Years, Bachelor of Technology) ARUNACHAL PRADESH",16,0,16
"National Institute of Technology Arunachal Pradesh","Computer Science and Engineering (4 Years, Bachelor of Technology) Other than ARUNACHAL PRADESH",16,0,16
"National Institute of Technology Arunachal Pradesh","Electrical Engineering (4 Years, Bachelor of Technology) ARUNACHAL PRADESH",16,0,16
"National Institute of Technology Arunachal Pradesh","Electrical Engineering (4 Years, Bachelor of Technology) Other than ARUNACHAL PRADESH",16,0,16
"National Institute of Technology Arunachal Pradesh","Electronics and Communication Engineering (4 Years, Bachelor of Technology) ARUNACHAL PRADESH",16,0,16
"National Institute of Technology Arunachal Pradesh","Electronics and Communication Engineering (4 Years, Bachelor of Technology) Other than ARUNACHAL PRADESH",16,0,16
"National Institute of Technology Arunachal Pradesh","Mechanical Engineering (4 Years, Bachelor of Technology) ARUNACHAL PRADESH",16,0,16
"National Institute of Technology Arunachal Pradesh","Mechanical Engineering (4 Years, Bachelor of Technology) Other than ARUNACHAL PRADESH",16,0,16
"National Institute of Technology, Jamshedpur","Civil Engineering (4 Years, Bachelor of Technology) JHARKHAND",50,0,50
"National Institute of Technology, Jamshedpur","Civil Engineering (4 Years, Bachelor of Technology) Other than JHARKHAND",49,0,49
"National Institute of Technology, Jamshedpur","Computer Science and Engineering (4 Years, Bachelor of Technology) JHARKHAND",58,0,58
"National Institute of Technology, Jamshedpur","Computer Science and Engineering (4 Years, Bachelor of Technology) Other than JHARKHAND",58,0,58
"National Institute of Technology, Jamshedpur","Electrical Engineering (4 Years, Bachelor of Technology) JHARKHAND",57,0,57
"National Institute of Technology, Jamshedpur","Electrical Engineering (4 Years, Bachelor of Technology) Other than JHARKHAND",57,0,57
"National Institute of Technology, Jamshedpur","Electronics and Communication Engineering (4 Years, Bachelor of Technology) JHARKHAND",58,0,58
"National Institute of Technology, Jamshedpur","Electronics and Communication Engineering (4 Years, Bachelor of Technology) Other than JHARKHAND",58,0,58
"National Institute of Technology, Jamshedpur","Mechanical Engineering (4 Years, Bachelor of Technology) JHARKHAND",58,0,58
"National Institute of Technology, Jamshedpur","Mechanical Engineering (4 Years, Bachelor of Technology) Other than JHARKHAND",57,0,57
"National Institute of Technology, Jamshedpur","Metallurgical and Materials Engineering (4 Years, Bachelor of Technology) JHARKHAND",49,0,49
"National Institute of Technology, Jamshedpur","Metallurgical and Materials Engineering (4 Years, Bachelor of Technology) Other than JHARKHAND",50,0,50
"National Institute of Technology, Jamshedpur","Production and Industrial Engineering (4 Years, Bachelor of Technology) JHARKHAND",31,0,31
"National Institute of Technology, Jamshedpur","Production and Industrial Engineering (4 Years, Bachelor of Technology) Other than JHARKHAND",31,0,31
"National Institute of Technology, Jamshedpur","Engineering and Computational Mechanics (4 Years, Bachelor of Technology) JHARKHAND",15,0,15
"National Institute of Technology, Jamshedpur","Engineering and Computational Mechanics (4 Years, Bachelor of Technology) Other than JHARKHAND",15,0,15
"National Institute of Technology, Kurukshetra","Civil Engineering (4 Years, Bachelor of Technology) HARYANA",54,0,54
"National Institute of Technology, Kurukshetra","Civil Engineering (4 Years, Bachelor of Technology) Other than HARYANA",54,0,54
"National Institute of Technology, Kurukshetra","Artificial Intelligence and Machine Learning (4 Years, Bachelor of Technology) HARYANA",30,0,30
"National Institute of Technology, Kurukshetra","Artificial Intelligence and Machine Learning (4 Years, Bachelor of Technology) Other than HARYANA",30,0,30
"National Institute of Technology, Kurukshetra","Computer Science and Engineering (4 Years, Bachelor of Technology) HARYANA",54,0,54
"National Institute of Technology, Kurukshetra","Computer Science and Engineering (4 Years, Bachelor of Technology) Other than HARYANA",54,0,54
"National Institute of Technology, Kurukshetra","Electrical Engineering (4 Years, Bachelor of Technology) HARYANA",54,0,54
"National Institute of Technology, Kurukshetra","Electrical Engineering (4 Years, Bachelor of Technology) Other than HARYANA",54,0,54
"Institute Name","Program Name","Seat Capacity","Female Supernumerary","Seat Capacity + Female Supernumerary"
"National Institute of Technology, Kurukshetra","Electronics and Communication Engineering (4 Years, Bachelor of Technology) HARYANA",54,0,54
"National Institute of Technology, Kurukshetra","Electronics and Communication Engineering (4 Years, Bachelor of Technology) Other than HARYANA",54,0,54
"National Institute of Technology, Kurukshetra","Industrial Internet of Things (4 Years, Bachelor of Technology) HARYANA",30,0,30
"National Institute of Technology, Kurukshetra","Industrial Internet of Things (4 Years, Bachelor of Technology) Other than HARYANA",30,0,30
"National Institute of Technology, Kurukshetra","Mathematics and Computing (4 Years, Bachelor of Technology) HARYANA",29,0,29
"National Institute of Technology, Kurukshetra","Mathematics and Computing (4 Years, Bachelor of Technology) Other than HARYANA",28,0,28
"National Institute of Technology, Kurukshetra","Mechanical Engineering (4 Years, Bachelor of Technology) HARYANA",54,0,54
"National Institute of Technology, Kurukshetra","Mechanical Engineering (4 Years, Bachelor of Technology) Other than HARYANA",54,0,54
"National Institute of Technology, Kurukshetra","ROBOTICS & AUTOMATION (4 Years, Bachelor of Technology) HARYANA",25,0,25
"National Institute of Technology, Kurukshetra","ROBOTICS & AUTOMATION (4 Years, Bachelor of Technology) Other than HARYANA",25,0,25
"National Institute of Technology, Kurukshetra","Microelectronics & VLSI Engineering (4 Years, Bachelor of Technology) HARYANA",30,0,30
"National Institute of Technology, Kurukshetra","Microelectronics & VLSI Engineering (4 Years, Bachelor of Technology) Other than HARYANA",30,0,30
"National Institute of Technology, Kurukshetra","SUSTAINABLE ENERGY TECHNOLOGIES (4 Years, Bachelor of Technology) HARYANA",30,0,30
"National Institute of Technology, Kurukshetra","SUSTAINABLE ENERGY TECHNOLOGIES (4 Years, Bachelor of Technology) Other than HARYANA",30,0,30
"National Institute of Technology, Kurukshetra","Production and Industrial Engineering (4 Years, Bachelor of Technology) HARYANA",20,0,20
"National Institute of Technology, Kurukshetra","Production and Industrial Engineering (4 Years, Bachelor of Technology) Other than HARYANA",20,0,20
"National Institute of Technology, Kurukshetra","Information Technology (4 Years, Bachelor of Technology) HARYANA",30,0,30
"National Institute of Technology, Kurukshetra","Information Technology (4 Years, Bachelor of Technology) Other than HARYANA",30,0,30
"National Institute of Technology, Kurukshetra","Artificial Intelligence and Data Science (4 Years, Bachelor of Technology) HARYANA",30,0,30
"National Institute of Technology, Kurukshetra","Artificial Intelligence and Data Science (4 Years, Bachelor of Technology) Other than HARYANA",30,0,30
"National Institute of Technology, Kurukshetra","Architecture and Planning (5 Years, Bachelor of Architecture) HARYANA",20,0,20
"National Institute of Technology, Kurukshetra","Architecture and Planning (5 Years, Bachelor of Architecture) Other than HARYANA",20,0,20
"National Institute of Technology, Kurukshetra","Civil Engineering (5 Years, Bachelor and Master of Technology (Dual Degree)) HARYANA",6,0,6
"National Institute of Technology, Kurukshetra","Civil Engineering (5 Years, Bachelor and Master of Technology (Dual Degree)) Other than HARYANA",6,0,6
"National Institute of Technology, Kurukshetra","Computer Science and Engineering (5 Years, Bachelor and Master of Technology (Dual Degree)) HARYANA",6,0,6
"National Institute of Technology, Kurukshetra","Computer Science and Engineering (5 Years, Bachelor and Master of Technology (Dual Degree)) Other than HARYANA",6,0,6
"National Institute of Technology, Kurukshetra","Electrical Engineering (5 Years, Bachelor and Master of Technology (Dual Degree)) HARYANA",6,0,6
"National Institute of Technology, Kurukshetra","Electrical Engineering (5 Years, Bachelor and Master of Technology (Dual Degree)) Other than HARYANA",6,0,6
"National Institute of Technology, Kurukshetra","Mechanical Engineering (5 Years, Bachelor and Master of Technology (Dual Degree)) HARYANA",6,0,6
"National Institute of Technology, Kurukshetra","Mechanical Engineering (5 Years, Bachelor and Master of Technology (Dual Degree)) Other than HARYANA",6,0,6
"National Institute of Technology, Kurukshetra","Electronics and Communication Engineering (5 Years, Bachelor and Master of Technology (Dual Degree)) HARYANA",6,0,6
"National Institute of Technology, Kurukshetra","Electronics and Communication Engineering (5 Years, Bachelor and Master of Technology (Dual Degree)) Other than HARYANA",6,0,6
"National Institute of Technology, Manipur","Civil Engineering (4 Years, Bachelor of Technology) MANIPUR",19,0,19
"National Institute of Technology, Manipur","Civil Engineering (4 Years, Bachelor of Technology) Other than MANIPUR",19,0,19
"National Institute of Technology, Manipur","Computer Science and Engineering (4 Years, Bachelor of Technology) MANIPUR",37,0,37
"National Institute of Technology, Manipur","Computer Science and Engineering (4 Years, Bachelor of Technology) Other than MANIPUR",37,0,37
"National Institute of Technology, Manipur","Electrical Engineering (4 Years, Bachelor of Technology) MANIPUR",19,0,19
"National Institute of Technology, Manipur","Electrical Engineering (4 Years, Bachelor of Technology) Other than MANIPUR",19,0,19
"National Institute of Technology, Manipur","Electronics and Communication Engineering (4 Years, Bachelor of Technology) MANIPUR",19,0,19
"National Institute of Technology, Manipur","Electronics and Communication Engineering (4 Years, Bachelor of Technology) Other than MANIPUR",19,0,19
"National Institute of Technology, Manipur","Mechanical Engineering (4 Years, Bachelor of Technology) MANIPUR",19,0,19
"National Institute of Technology, Manipur","Mechanical Engineering (4 Years, Bachelor of Technology) Other than MANIPUR",19,0,19
"National Institute of Technology, Mizoram","Civil Engineering (4 Years, Bachelor of Technology) MIZORAM",17,1,18
"National Institute of Technology, Mizoram","Civil Engineering (4 Years, Bachelor of Technology) Other than MIZORAM",17,1,18
"National Institute of Technology, Mizoram","Computer Science and Engineering (4 Years, Bachelor of Technology) MIZORAM",18,0,18
"National Institute of Technology, Mizoram","Computer Science and Engineering (4 Years, Bachelor of Technology) Other than MIZORAM",17,1,18
"National Institute of Technology, Mizoram","Electrical Engineering (4 Years, Bachelor of Technology) MIZORAM",16,2,18
"National Institute of Technology, Mizoram","Electrical Engineering (4 Years, Bachelor of Technology) Other than MIZORAM",17,1,18
"National Institute of Technology, Mizoram","Electronics and Communication Engineering (4 Years, Bachelor of Technology) MIZORAM",15,3,18
"National Institute of Technology, Mizoram","Electronics and Communication Engineering (4 Years, Bachelor of Technology) Other than MIZORAM",16,2,18
"National Institute of Technology, Mizoram","Mathematics and Computing (4 Years, Bachelor of Technology) MIZORAM",5,0,5
"National Institute of Technology, Mizoram","Mathematics and Computing (4 Years, Bachelor of Technology) Other than MIZORAM",5,0,5
"National Institute of Technology, Mizoram","Mechanical Engineering (4 Years, Bachelor of Technology) MIZORAM",17,1,18
"National Institute of Technology, Mizoram","Mechanical Engineering (4 Years, Bachelor of Technology) Other than MIZORAM",17,1,18
"National Institute of Technology, Rourkela","Bio Technology (4 Years, Bachelor of Technology) ODISHA",17,0,17
"National Institute of Technology, Rourkela","Bio Technology (4 Years, Bachelor of Technology) Other than ODISHA",18,0,18
"National Institute of Technology, Rourkela","Ceramic Engineering (4 Years, Bachelor of Technology) ODISHA",20,0,20
"National Institute of Technology, Rourkela","Ceramic Engineering (4 Years, Bachelor of Technology) Other than ODISHA",20,0,20
"National Institute of Technology, Rourkela","Chemical Engineering (4 Years, Bachelor of Technology) ODISHA",31,1,32
"National Institute of Technology, Rourkela","Chemical Engineering (4 Years, Bachelor of Technology) Other than ODISHA",31,0,31
"National Institute of Technology, Rourkela","Civil Engineering (4 Years, Bachelor of Technology) ODISHA",36,0,36
"National Institute of Technology, Rourkela","Civil Engineering (4 Years, Bachelor of Technology) Other than ODISHA",36,0,36
"National Institute of Technology, Rourkela","Computer Science and Engineering (4 Years, Bachelor of Technology) ODISHA",56,0,56
"National Institute of Technology, Rourkela","Computer Science and Engineering (4 Years, Bachelor of Technology) Other than ODISHA",57,0,57
"National Institute of Technology, Rourkela","Electrical Engineering (4 Years, Bachelor of Technology) ODISHA",57,0,57
"National Institute of Technology, Rourkela","Electrical Engineering (4 Years, Bachelor of Technology) Other than ODISHA",56,0,56
"National Institute of Technology, Rourkela","Electronics and Communication Engineering (4 Years, Bachelor of Technology) ODISHA",28,0,28
"National Institute of Technology, Rourkela","Electronics and Communication Engineering (4 Years, Bachelor of Technology) Other than ODISHA",28,0,28
"National Institute of Technology, Rourkela","Mechanical Engineering (4 Years, Bachelor of Technology) ODISHA",57,0,57
"National Institute of Technology, Rourkela","Mechanical Engineering (4 Years, Bachelor of Technology) Other than ODISHA",56,0,56
"National Institute of Technology, Rourkela","Metallurgical and Materials Engineering (4 Years, Bachelor of Technology) ODISHA",30,0,30
"National Institute of Technology, Rourkela","Metallurgical and Materials Engineering (4 Years, Bachelor of Technology) Other than ODISHA",30,1,31
"National Institute of Technology, Rourkela","Mining Engineering (4 Years, Bachelor of Technology) ODISHA",19,2,21
"National Institute of Technology, Rourkela","Mining Engineering (4 Years, Bachelor of Technology) Other than ODISHA",19,3,22
"National Institute of Technology, Rourkela","Electronics and Instrumentation Engineering (4 Years, Bachelor of Technology) ODISHA",28,0,28
"National Institute of Technology, Rourkela","Electronics and Instrumentation Engineering (4 Years, Bachelor of Technology) Other than ODISHA",28,0,28
"National Institute of Technology, Rourkela","Bio Medical Engineering (4 Years, Bachelor of Technology) ODISHA",17,0,17
"National Institute of Technology, Rourkela","Bio Medical Engineering (4 Years, Bachelor of Technology) Other than ODISHA",18,0,18
"National Institute of Technology, Rourkela","Industrial Design (4 Years, Bachelor of Technology) ODISHA",14,0,14
"National Institute of Technology, Rourkela","Industrial Design (4 Years, Bachelor of Technology) Other than ODISHA",14,0,14
"National Institute of Technology, Rourkela","Food Process Engineering (4 Years, Bachelor of Technology) ODISHA",15,0,15
"National Institute of Technology, Rourkela","Food Process Engineering (4 Years, Bachelor of Technology) Other than ODISHA",15,0,15
"National Institute of Technology, Rourkela","Artificial Intelligence (4 Years, Bachelor of Technology) ODISHA",23,0,23
"National Institute of Technology, Rourkela","Artificial Intelligence (4 Years, Bachelor of Technology) Other than ODISHA",22,0,22
"National Institute of Technology, Rourkela","Architecture (5 Years, Bachelor of Architecture) ODISHA",10,0,10
"National Institute of Technology, Rourkela","Architecture (5 Years, Bachelor of Architecture) Other than ODISHA",10,0,10
"National Institute of Technology, Rourkela","Chemical Engineering (5 Years, Bachelor and Master of Technology (Dual Degree)) ODISHA",6,0,6
"National Institute of Technology, Rourkela","Chemical Engineering (5 Years, Bachelor and Master of Technology (Dual Degree)) Other than ODISHA",6,0,6
"National Institute of Technology, Rourkela","Metallurgical and Materials Engineering (5 Years, Bachelor and Master of Technology (Dual Degree)) ODISHA",6,0,6
"National Institute of Technology, Rourkela","Metallurgical and Materials Engineering (5 Years, Bachelor and Master of Technology (Dual Degree)) Other than ODISHA",7,0,7
"National Institute of Technology, Rourkela","Mining Engineering (5 Years, Bachelor and Master of Technology (Dual Degree)) ODISHA",6,0,6
"National Institute of Technology, Rourkela","Mining Engineering (5 Years, Bachelor and Master of Technology (Dual Degree)) Other than ODISHA",6,0,6
"National Institute of Technology, Rourkela","Ceramic Engineering and M.Tech Industrial Ceramic (5 Years, Bachelor and Master of Technology (Dual Degree)) ODISHA",7,0,7
"National Institute of Technology, Rourkela","Ceramic Engineering and M.Tech Industrial Ceramic (5 Years, Bachelor and Master of Technology (Dual Degree)) Other than ODISHA",6,0,6
"National Institute of Technology, Rourkela","Chemistry (5 Years, Integrated Master of Science) ODISHA",11,0,11
"National Institute of Technology, Rourkela","Chemistry (5 Years, Integrated Master of Science) Other than ODISHA",11,0,11
"National Institute of Technology, Rourkela","Physics (5 Years, Integrated Master of Science) ODISHA",13,0,13
"National Institute of Technology, Rourkela","Physics (5 Years, Integrated Master of Science) Other than ODISHA",12,0,12
"National Institute of Technology, Rourkela","Mathematics (5 Years, Integrated Master of Science) ODISHA",12,0,12
"National Institute of Technology, Rourkela","Mathematics (5 Years, Integrated Master of Science) Other than ODISHA",13,0,13
"National Institute of Technology, Rourkela","Life Science (5 Years, Integrated Master of Science) ODISHA",10,0,10
"National Institute of Technology, Rourkela","Life Science (5 Years, Integrated Master of Science) Other than ODISHA",10,0,10
"National Institute of Technology, Silchar","Civil Engineering (4 Years, Bachelor of Technology) ASSAM",79,0,79
"National Institute of Technology, Silchar","Civil Engineering (4 Years, Bachelor of Technology) Other than ASSAM",78,0,78
"National Institute of Technology, Silchar","Computer Science and Engineering (4 Years, Bachelor of Technology) ASSAM",81,0,81
"National Institute of Technology, Silchar","Computer Science and Engineering (4 Years, Bachelor of Technology) Other than ASSAM",80,0,80
"National Institute of Technology, Silchar","Electrical Engineering (4 Years, Bachelor of Technology) ASSAM",81,0,81
"National Institute of Technology, Silchar","Electrical Engineering (4 Years, Bachelor of Technology) Other than ASSAM",81,0,81
"National Institute of Technology, Silchar","Electronics and Communication Engineering (4 Years, Bachelor of Technology) ASSAM",81,0,81
"National Institute of Technology, Silchar","Electronics and Communication Engineering (4 Years, Bachelor of Technology) Other than ASSAM",81,0,81
"National Institute of Technology, Silchar","Mechanical Engineering (4 Years, Bachelor of Technology) ASSAM",80,0,80
"National Institute of Technology, Silchar","Mechanical Engineering (4 Years, Bachelor of Technology) Other than ASSAM",81,0,81
"National Institute of Technology, Silchar","Electronics and Instrumentation Engineering (4 Years, Bachelor of Technology) ASSAM",50,0,50
"National Institute of Technology, Silchar","Electronics and Instrumentation Engineering (4 Years, Bachelor of Technology) Other than ASSAM",50,0,50
"National Institute of Technology, Srinagar","Chemical Engineering (4 Years, Bachelor of Technology) JK JAMMU & KASHMIR (UT)",49,1,50
"National Institute of Technology, Srinagar","Chemical Engineering (4 Years, Bachelor of Technology) LA LADAKH (UT)",2,0,2
"National Institute of Technology, Srinagar","Chemical Engineering (4 Years, Bachelor of Technology) Other than JAMMU & KASHMIR (UT) LADAKH (UT)",50,1,51
"National Institute of Technology, Srinagar","Civil Engineering (4 Years, Bachelor of Technology) JK JAMMU & KASHMIR (UT)",83,4,87
"National Institute of Technology, Srinagar","Civil Engineering (4 Years, Bachelor of Technology) LA LADAKH (UT)",3,2,5
"National Institute of Technology, Srinagar","Civil Engineering (4 Years, Bachelor of Technology) Other than JAMMU & KASHMIR (UT) LADAKH (UT)",88,3,91
"National Institute of Technology, Srinagar","Computer Science and Engineering (4 Years, Bachelor of Technology) JK JAMMU & KASHMIR (UT)",39,2,41
"National Institute of Technology, Srinagar","Computer Science and Engineering (4 Years, Bachelor of Technology) LA LADAKH (UT)",2,0,2
"National Institute of Technology, Srinagar","Computer Science and Engineering (4 Years, Bachelor of Technology) Other than JAMMU & KASHMIR (UT) LADAKH (UT)",39,2,41
"National Institute of Technology, Srinagar","Electrical Engineering (4 Years, Bachelor of Technology) JK JAMMU & KASHMIR (UT)",52,2,54
"National Institute of Technology, Srinagar","Electrical Engineering (4 Years, Bachelor of Technology) LA LADAKH (UT)",2,1,3
"National Institute of Technology, Srinagar","Electrical Engineering (4 Years, Bachelor of Technology) Other than JAMMU & KASHMIR (UT) LADAKH (UT)",54,2,56
"National Institute of Technology, Srinagar","Electronics and Communication Engineering (4 Years, Bachelor of Technology) JK JAMMU & KASHMIR (UT)",47,3,50
"National Institute of Technology, Srinagar","Electronics and Communication Engineering (4 Years, Bachelor of Technology) LA LADAKH (UT)",2,1,3
"National Institute of Technology, Srinagar","Electronics and Communication Engineering (4 Years, Bachelor of Technology) Other than JAMMU & KASHMIR (UT) LADAKH (UT)",52,1,53
"National Institute of Technology, Srinagar","Mechanical Engineering (4 Years, Bachelor of Technology) JK JAMMU & KASHMIR (UT)",52,3,55
"National Institute of Technology, Srinagar","Mechanical Engineering (4 Years, Bachelor of Technology) LA LADAKH (UT)",2,1,3
"National Institute of Technology, Srinagar","Mechanical Engineering (4 Years, Bachelor of Technology) Other than JAMMU & KASHMIR (UT) LADAKH (UT)",56,3,59
"National Institute of Technology, Srinagar","Metallurgical and Materials Engineering (4 Years, Bachelor of Technology) JK JAMMU & KASHMIR (UT)",50,1,51
"National Institute of Technology, Srinagar","Metallurgical and Materials Engineering (4 Years, Bachelor of Technology) LA LADAKH (UT)",2,0,2
"National Institute of Technology, Srinagar","Metallurgical and Materials Engineering (4 Years, Bachelor of Technology) Other than JAMMU & KASHMIR (UT) LADAKH (UT)",50,3,53
"National Institute of Technology, Srinagar","Information Technology (4 Years, Bachelor of Technology) JK JAMMU & KASHMIR (UT)",41,1,42
"National Institute of Technology, Srinagar","Information Technology (4 Years, Bachelor of Technology) LA LADAKH (UT)",2,0,2
"National Institute of Technology, Srinagar","Information Technology (4 Years, Bachelor of Technology) Other than JAMMU & KASHMIR (UT) LADAKH (UT)",41,2,43
"National Institute of Technology, Tiruchirappalli","Chemical Engineering (4 Years, Bachelor of Technology) TAMIL NADU",40,0,40
"National Institute of Technology, Tiruchirappalli","Chemical Engineering (4 Years, Bachelor of Technology) Other than TAMIL NADU",39,0,39
"National Institute of Technology, Tiruchirappalli","Civil Engineering (4 Years, Bachelor of Technology) TAMIL NADU",59,0,59
"National Institute of Technology, Tiruchirappalli","Civil Engineering (4 Years, Bachelor of Technology) Other than TAMIL NADU",59,0,59
"National Institute of Technology, Tiruchirappalli","Computer Science and Engineering (4 Years, Bachelor of Technology) TAMIL NADU",60,0,60
"National Institute of Technology, Tiruchirappalli","Computer Science and Engineering (4 Years, Bachelor of Technology) Other than TAMIL NADU",59,0,59
"National Institute of Technology, Tiruchirappalli","Electronics and Communication Engineering (4 Years, Bachelor of Technology) TAMIL NADU",58,0,58
"National Institute of Technology, Tiruchirappalli","Electronics and Communication Engineering (4 Years, Bachelor of Technology) Other than TAMIL NADU",59,0,59
"National Institute of Technology, Tiruchirappalli","Mechanical Engineering (4 Years, Bachelor of Technology) TAMIL NADU",59,0,59
"National Institute of Technology, Tiruchirappalli","Mechanical Engineering (4 Years, Bachelor of Technology) Other than TAMIL NADU",59,0,59
"National Institute of Technology, Tiruchirappalli","Metallurgical and Materials Engineering (4 Years, Bachelor of Technology) TAMIL NADU",40,0,40
"National Institute of Technology, Tiruchirappalli","Metallurgical and Materials Engineering (4 Years, Bachelor of Technology) Other than TAMIL NADU",39,0,39
"National Institute of Technology, Tiruchirappalli","Electrical and Electronics Engineering (4 Years, Bachelor of Technology) TAMIL NADU",58,0,58
"National Institute of Technology, Tiruchirappalli","Electrical and Electronics Engineering (4 Years, Bachelor of Technology) Other than TAMIL NADU",58,0,58
"National Institute of Technology, Tiruchirappalli","Production Engineering (4 Years, Bachelor of Technology) TAMIL NADU",59,0,59
"National Institute of Technology, Tiruchirappalli","Production Engineering (4 Years, Bachelor of Technology) Other than TAMIL NADU",59,0,59
"National Institute of Technology, Tiruchirappalli","Instrumentation and Control Engineering (4 Years, Bachelor of Technology) TAMIL NADU",58,0,58
"National Institute of Technology, Tiruchirappalli","Instrumentation and Control Engineering (4 Years, Bachelor of Technology) Other than TAMIL NADU",59,0,59
"National Institute of Technology, Tiruchirappalli","Architecture (5 Years, Bachelor of Architecture) TAMIL NADU",29,0,29
"National Institute of Technology, Tiruchirappalli","Architecture (5 Years, Bachelor of Architecture) Other than TAMIL NADU",28,0,28
"National Institute of Technology, Uttarakhand","Civil Engineering (4 Years, Bachelor of Technology) UTTARAKHAND",14,4,18
"National Institute of Technology, Uttarakhand","Civil Engineering (4 Years, Bachelor of Technology) Other than UTTARAKHAND",14,4,18
"National Institute of Technology, Uttarakhand","Computer Science and Engineering (4 Years, Bachelor of Technology) UTTARAKHAND",22,4,26
"National Institute of Technology, Uttarakhand","Computer Science and Engineering (4 Years, Bachelor of Technology) Other than UTTARAKHAND",21,5,26
"National Institute of Technology, Uttarakhand","Electronics and Communication Engineering (4 Years, Bachelor of Technology) UTTARAKHAND",15,5,20
"National Institute of Technology, Uttarakhand","Electronics and Communication Engineering (4 Years, Bachelor of Technology) Other than UTTARAKHAND",17,3,20
"National Institute of Technology, Uttarakhand","Mechanical Engineering (4 Years, Bachelor of Technology) UTTARAKHAND",15,3,18
"National Institute of Technology, Uttarakhand","Mechanical Engineering (4 Years, Bachelor of Technology) Other than UTTARAKHAND",14,4,18
"National Institute of Technology, Uttarakhand","Electrical and Electronics Engineering (4 Years, Bachelor of Technology) UTTARAKHAND",14,4,18
"National Institute of Technology, Uttarakhand","Electrical and Electronics Engineering (4 Years, Bachelor of Technology) Other than UTTARAKHAND",14,4,18
"National Institute of Technology, Warangal","Bio Technology (4 Years, Bachelor of Technology) TELANGANA",36,0,36
"National Institute of Technology, Warangal","Bio Technology (4 Years, Bachelor of Technology) Other than TELANGANA",36,0,36
"National Institute of Technology, Warangal","Chemical Engineering (4 Years, Bachelor of Technology) TELANGANA",55,0,55
"National Institute of Technology, Warangal","Chemical Engineering (4 Years, Bachelor of Technology) Other than TELANGANA",55,0,55
"National Institute of Technology, Warangal","Civil Engineering (4 Years, Bachelor of Technology) TELANGANA",55,0,55
"National Institute of Technology, Warangal","Civil Engineering (4 Years, Bachelor of Technology) Other than TELANGANA",55,0,55
"National Institute of Technology, Warangal","Electronics and Communication Engineering (VLSI Design and Technology) (4 Years, Bachelor of Technology) TELANGANA",20,0,20
"National Institute of Technology, Warangal","Electronics and Communication Engineering (VLSI Design and Technology) (4 Years, Bachelor of Technology) Other than TELANGANA",20,0,20
"National Institute of Technology, Warangal","Computer Science and Engineering (4 Years, Bachelor of Technology) TELANGANA",68,0,68
"National Institute of Technology, Warangal","Computer Science and Engineering (4 Years, Bachelor of Technology) Other than TELANGANA",67,0,67
"National Institute of Technology, Warangal","Electronics and Communication Engineering (4 Years, Bachelor of Technology) TELANGANA",50,0,50
"National Institute of Technology, Warangal","Electronics and Communication Engineering (4 Years, Bachelor of Technology) Other than TELANGANA",50,0,50
"National Institute of Technology, Warangal","Mathematics and Computing (4 Years, Bachelor of Technology) TELANGANA",15,0,15
"National Institute of Technology, Warangal","Mathematics and Computing (4 Years, Bachelor of Technology) Other than TELANGANA",15,0,15
"National Institute of Technology, Warangal","Mechanical Engineering (4 Years, Bachelor of Technology) TELANGANA",65,0,65
"National Institute of Technology, Warangal","Mechanical Engineering (4 Years, Bachelor of Technology) Other than TELANGANA",65,0,65
